gene_symbol,ensembl_id,score,disease_name,efo_id
FGFR3,ENSG00000068078,0.5307226567375308,bladder transitional cell carcinoma,EFO_0006544
TP53,ENSG00000141510,0.49520419316690273,bladder transitional cell carcinoma,EFO_0006544
CDKN2A,ENSG00000147889,0.47535390730696664,bladder transitional cell carcinoma,EFO_0006544
POLD1,ENSG00000062822,0.4669719478418569,bladder transitional cell carcinoma,EFO_0006544
ERBB3,ENSG00000065361,0.46061760328379026,bladder transitional cell carcinoma,EFO_0006544
POLE,ENSG00000177084,0.4603651376000859,bladder transitional cell carcinoma,EFO_0006544
ARID1A,ENSG00000117713,0.4574887011157088,bladder transitional cell carcinoma,EFO_0006544
CD274,ENSG00000120217,0.45617901441245085,bladder transitional cell carcinoma,EFO_0006544
KDM6A,ENSG00000147050,0.44916911845716523,bladder transitional cell carcinoma,EFO_0006544
ERBB2,ENSG00000141736,0.4437418292590113,bladder transitional cell carcinoma,EFO_0006544
HRAS,ENSG00000174775,0.4421983297254224,bladder transitional cell carcinoma,EFO_0006544
STAG2,ENSG00000101972,0.4415785429243503,bladder transitional cell carcinoma,EFO_0006544
TSC1,ENSG00000165699,0.4413264945357137,bladder transitional cell carcinoma,EFO_0006544
KMT2D,ENSG00000167548,0.44119587514237874,bladder transitional cell carcinoma,EFO_0006544
PIK3CA,ENSG00000121879,0.4409655430138251,bladder transitional cell carcinoma,EFO_0006544
BRCA1,ENSG00000012048,0.4351431407335301,bladder transitional cell carcinoma,EFO_0006544
ERCC2,ENSG00000104884,0.43206025181698104,bladder transitional cell carcinoma,EFO_0006544
RB1,ENSG00000139687,0.42006158487587203,bladder transitional cell carcinoma,EFO_0006544
RBM10,ENSG00000182872,0.41744044586637064,bladder transitional cell carcinoma,EFO_0006544
KRAS,ENSG00000133703,0.41576923404773747,bladder transitional cell carcinoma,EFO_0006544
POLE2,ENSG00000100479,0.4091423963514937,bladder transitional cell carcinoma,EFO_0006544
POLD2,ENSG00000106628,0.39540829564605645,bladder transitional cell carcinoma,EFO_0006544
TUBB6,ENSG00000176014,0.39194265059373606,bladder transitional cell carcinoma,EFO_0006544
POLD3,ENSG00000077514,0.39191073562681944,bladder transitional cell carcinoma,EFO_0006544
POLD4,ENSG00000175482,0.39191073562681944,bladder transitional cell carcinoma,EFO_0006544
TUBB3,ENSG00000258947,0.3913523494369481,bladder transitional cell carcinoma,EFO_0006544
TUBB,ENSG00000196230,0.38968924009086686,bladder transitional cell carcinoma,EFO_0006544
POLA1,ENSG00000101868,0.38932367664402656,bladder transitional cell carcinoma,EFO_0006544
POLA2,ENSG00000014138,0.38932367664402656,bladder transitional cell carcinoma,EFO_0006544
RRM1,ENSG00000167325,0.38932367664402656,bladder transitional cell carcinoma,EFO_0006544
PRIM2,ENSG00000146143,0.38932367664402656,bladder transitional cell carcinoma,EFO_0006544
PRIM1,ENSG00000198056,0.38932367664402656,bladder transitional cell carcinoma,EFO_0006544
POLE3,ENSG00000148229,0.38932367664402656,bladder transitional cell carcinoma,EFO_0006544
TUBB1,ENSG00000101162,0.389227265272511,bladder transitional cell carcinoma,EFO_0006544
TUBB2A,ENSG00000137267,0.389227265272511,bladder transitional cell carcinoma,EFO_0006544
TUBB8,ENSG00000261456,0.389227265272511,bladder transitional cell carcinoma,EFO_0006544
TUBB4B,ENSG00000188229,0.389227265272511,bladder transitional cell carcinoma,EFO_0006544
TUBB4A,ENSG00000104833,0.389227265272511,bladder transitional cell carcinoma,EFO_0006544
TUBB2B,ENSG00000137285,0.389227265272511,bladder transitional cell carcinoma,EFO_0006544
MYC,ENSG00000136997,0.3891256532110312,bladder transitional cell carcinoma,EFO_0006544
PDCD1,ENSG00000188389,0.3805259243348975,bladder transitional cell carcinoma,EFO_0006544
ATM,ENSG00000149311,0.3732445124157665,bladder transitional cell carcinoma,EFO_0006544
EP300,ENSG00000100393,0.3719252463642733,bladder transitional cell carcinoma,EFO_0006544
CREBBP,ENSG00000005339,0.3705961992850847,bladder transitional cell carcinoma,EFO_0006544
FAT1,ENSG00000083857,0.34749745836729085,bladder transitional cell carcinoma,EFO_0006544
MTOR,ENSG00000198793,0.3448273732880311,bladder transitional cell carcinoma,EFO_0006544
RUNX1,ENSG00000159216,0.32453730989500373,bladder transitional cell carcinoma,EFO_0006544
RHOA,ENSG00000067560,0.3245321768414665,bladder transitional cell carcinoma,EFO_0006544
LATS2,ENSG00000150457,0.32430632248582586,bladder transitional cell carcinoma,EFO_0006544
TOP1,ENSG00000198900,0.31506682611870823,bladder transitional cell carcinoma,EFO_0006544
EGFR,ENSG00000146648,0.30982049293106534,bladder transitional cell carcinoma,EFO_0006544
FGFR1,ENSG00000077782,0.30963709199727996,bladder transitional cell carcinoma,EFO_0006544
FGFR2,ENSG00000066468,0.30553722517937043,bladder transitional cell carcinoma,EFO_0006544
KDR,ENSG00000128052,0.305443365940216,bladder transitional cell carcinoma,EFO_0006544
FGFR4,ENSG00000160867,0.30350975607950537,bladder transitional cell carcinoma,EFO_0006544
PIK3CB,ENSG00000051382,0.3023487570334973,bladder transitional cell carcinoma,EFO_0006544
GATA3,ENSG00000107485,0.30139921415262866,bladder transitional cell carcinoma,EFO_0006544
FLT4,ENSG00000037280,0.30083800171334724,bladder transitional cell carcinoma,EFO_0006544
YAP1,ENSG00000137693,0.29956515637135944,bladder transitional cell carcinoma,EFO_0006544
PDGFRA,ENSG00000134853,0.29825343812607047,bladder transitional cell carcinoma,EFO_0006544
SRC,ENSG00000197122,0.2981924614819469,bladder transitional cell carcinoma,EFO_0006544
TYMS,ENSG00000176890,0.2976349763060799,bladder transitional cell carcinoma,EFO_0006544
EZH2,ENSG00000106462,0.29757539054173204,bladder transitional cell carcinoma,EFO_0006544
PDGFRB,ENSG00000113721,0.29743445432621823,bladder transitional cell carcinoma,EFO_0006544
LCK,ENSG00000182866,0.29738858973629007,bladder transitional cell carcinoma,EFO_0006544
APC,ENSG00000134982,0.29723889947772114,bladder transitional cell carcinoma,EFO_0006544
RET,ENSG00000165731,0.297064637024159,bladder transitional cell carcinoma,EFO_0006544
CDH1,ENSG00000039068,0.2970133483334975,bladder transitional cell carcinoma,EFO_0006544
ATR,ENSG00000175054,0.296896113173137,bladder transitional cell carcinoma,EFO_0006544
ESR1,ENSG00000091831,0.2967792537033981,bladder transitional cell carcinoma,EFO_0006544
KIT,ENSG00000157404,0.2967710719889687,bladder transitional cell carcinoma,EFO_0006544
CSF3R,ENSG00000119535,0.29671558938362347,bladder transitional cell carcinoma,EFO_0006544
WWTR1,ENSG00000018408,0.29664429697338335,bladder transitional cell carcinoma,EFO_0006544
ERBB4,ENSG00000178568,0.2963254773147896,bladder transitional cell carcinoma,EFO_0006544
PIK3R1,ENSG00000145675,0.29621597217266077,bladder transitional cell carcinoma,EFO_0006544
AKT1,ENSG00000142208,0.2962001458041626,bladder transitional cell carcinoma,EFO_0006544
SMARCB1,ENSG00000099956,0.29612200877596434,bladder transitional cell carcinoma,EFO_0006544
TBX3,ENSG00000135111,0.29589487115693935,bladder transitional cell carcinoma,EFO_0006544
PHF6,ENSG00000156531,0.2956638837477614,bladder transitional cell carcinoma,EFO_0006544
PTK6,ENSG00000101213,0.2956638837477614,bladder transitional cell carcinoma,EFO_0006544
NR4A3,ENSG00000119508,0.2956638837477614,bladder transitional cell carcinoma,EFO_0006544
MEN1,ENSG00000133895,0.2956638837477614,bladder transitional cell carcinoma,EFO_0006544
CCNE1,ENSG00000105173,0.29551237007532444,bladder transitional cell carcinoma,EFO_0006544
CDK6,ENSG00000105810,0.2951733914499456,bladder transitional cell carcinoma,EFO_0006544
AR,ENSG00000169083,0.294843750803615,bladder transitional cell carcinoma,EFO_0006544
STIL,ENSG00000123473,0.29460134166554286,bladder transitional cell carcinoma,EFO_0006544
TOP2A,ENSG00000131747,0.29348872908898194,bladder transitional cell carcinoma,EFO_0006544
STAT3,ENSG00000168610,0.2933376392978171,bladder transitional cell carcinoma,EFO_0006544
CASP8,ENSG00000064012,0.29275089367390383,bladder transitional cell carcinoma,EFO_0006544
NBN,ENSG00000104320,0.29270724491028377,bladder transitional cell carcinoma,EFO_0006544
VHL,ENSG00000134086,0.2918352931059048,bladder transitional cell carcinoma,EFO_0006544
PBRM1,ENSG00000163939,0.2912598730903461,bladder transitional cell carcinoma,EFO_0006544
NPM1,ENSG00000181163,0.29078491636056963,bladder transitional cell carcinoma,EFO_0006544
MET,ENSG00000105976,0.289958656249552,bladder transitional cell carcinoma,EFO_0006544
BRAF,ENSG00000157764,0.28938167443389057,bladder transitional cell carcinoma,EFO_0006544
MAP2K1,ENSG00000169032,0.28827913072545047,bladder transitional cell carcinoma,EFO_0006544
RAF1,ENSG00000132155,0.2874360551989151,bladder transitional cell carcinoma,EFO_0006544
MYCN,ENSG00000134323,0.28688636219899977,bladder transitional cell carcinoma,EFO_0006544
MAP2K2,ENSG00000126934,0.2868350316636269,bladder transitional cell carcinoma,EFO_0006544
FLT3,ENSG00000122025,0.2865886450938371,bladder transitional cell carcinoma,EFO_0006544
CREB3L1,ENSG00000157613,0.28647058486247945,bladder transitional cell carcinoma,EFO_0006544
EWSR1,ENSG00000182944,0.2864243873806439,bladder transitional cell carcinoma,EFO_0006544
CALR,ENSG00000179218,0.2856373612715012,bladder transitional cell carcinoma,EFO_0006544
CHEK2,ENSG00000183765,0.2853329975375458,bladder transitional cell carcinoma,EFO_0006544
SETBP1,ENSG00000152217,0.2851308578892474,bladder transitional cell carcinoma,EFO_0006544
TP63,ENSG00000073282,0.2850954027592383,bladder transitional cell carcinoma,EFO_0006544
CDKN1B,ENSG00000111276,0.28500425798239687,bladder transitional cell carcinoma,EFO_0006544
CCND1,ENSG00000110092,0.2849376807628432,bladder transitional cell carcinoma,EFO_0006544
FANCA,ENSG00000187741,0.28480151075687343,bladder transitional cell carcinoma,EFO_0006544
FAT4,ENSG00000196159,0.2847146667657583,bladder transitional cell carcinoma,EFO_0006544
NFE2L2,ENSG00000116044,0.2846797960779407,bladder transitional cell carcinoma,EFO_0006544
BCL9L,ENSG00000186174,0.2842069082525357,bladder transitional cell carcinoma,EFO_0006544
RAD50,ENSG00000113522,0.2841299124494764,bladder transitional cell carcinoma,EFO_0006544
PTPN11,ENSG00000179295,0.28388352587968657,bladder transitional cell carcinoma,EFO_0006544
ABI1,ENSG00000136754,0.2836525384705086,bladder transitional cell carcinoma,EFO_0006544
FOXO3,ENSG00000118689,0.2835557796838572,bladder transitional cell carcinoma,EFO_0006544
CXCR4,ENSG00000121966,0.2835302146620292,bladder transitional cell carcinoma,EFO_0006544
ARID1B,ENSG00000049618,0.28337535357949506,bladder transitional cell carcinoma,EFO_0006544
FOXA1,ENSG00000129514,0.28333615386965927,bladder transitional cell carcinoma,EFO_0006544
LATS1,ENSG00000131023,0.2831623318576976,bladder transitional cell carcinoma,EFO_0006544
DROSHA,ENSG00000113360,0.2830391385728027,bladder transitional cell carcinoma,EFO_0006544
KNL1,ENSG00000137812,0.2830057737248104,bladder transitional cell carcinoma,EFO_0006544
JUN,ENSG00000177606,0.2829906252107548,bladder transitional cell carcinoma,EFO_0006544
NTRK3,ENSG00000140538,0.2829672758232807,bladder transitional cell carcinoma,EFO_0006544
NFATC2,ENSG00000101096,0.2829595762429748,bladder transitional cell carcinoma,EFO_0006544
DICER1,ENSG00000100697,0.2829133787611392,bladder transitional cell carcinoma,EFO_0006544
BCL2,ENSG00000171791,0.28279363838465466,bladder transitional cell carcinoma,EFO_0006544
DDX10,ENSG00000178105,0.28272858883379687,bladder transitional cell carcinoma,EFO_0006544
TERT,ENSG00000164362,0.2826052113612212,bladder transitional cell carcinoma,EFO_0006544
BTK,ENSG00000010671,0.28258999638829013,bladder transitional cell carcinoma,EFO_0006544
PPARG,ENSG00000132170,0.2825623599496813,bladder transitional cell carcinoma,EFO_0006544
PDCD1LG2,ENSG00000197646,0.2825575443000357,bladder transitional cell carcinoma,EFO_0006544
NCOR1,ENSG00000141027,0.28245140394278334,bladder transitional cell carcinoma,EFO_0006544
CDK4,ENSG00000135446,0.282424603184562,bladder transitional cell carcinoma,EFO_0006544
BUB1B,ENSG00000156970,0.28232307760435116,bladder transitional cell carcinoma,EFO_0006544
EPAS1,ENSG00000116016,0.2821665194714639,bladder transitional cell carcinoma,EFO_0006544
PLAG1,ENSG00000181690,0.28214501560277216,bladder transitional cell carcinoma,EFO_0006544
CD74,ENSG00000019582,0.2820340990074718,bladder transitional cell carcinoma,EFO_0006544
BRCA2,ENSG00000139618,0.2818875372842387,bladder transitional cell carcinoma,EFO_0006544
ABL2,ENSG00000143322,0.281768248272785,bladder transitional cell carcinoma,EFO_0006544
PTEN,ENSG00000171862,0.2817681620195177,bladder transitional cell carcinoma,EFO_0006544
JAK2,ENSG00000096968,0.2816150755299531,bladder transitional cell carcinoma,EFO_0006544
HLF,ENSG00000108924,0.28152745430607157,bladder transitional cell carcinoma,EFO_0006544
HGF,ENSG00000019991,0.2814472760098191,bladder transitional cell carcinoma,EFO_0006544
MAPK1,ENSG00000100030,0.2814084420009911,bladder transitional cell carcinoma,EFO_0006544
TET1,ENSG00000138336,0.28121433804029705,bladder transitional cell carcinoma,EFO_0006544
HIF1A,ENSG00000100644,0.28120378898001763,bladder transitional cell carcinoma,EFO_0006544
APOBEC3B,ENSG00000179750,0.28116814055846145,bladder transitional cell carcinoma,EFO_0006544
CREB1,ENSG00000118260,0.28115274139784957,bladder transitional cell carcinoma,EFO_0006544
NRG1,ENSG00000157168,0.2811168100230886,bladder transitional cell carcinoma,EFO_0006544
MSH6,ENSG00000116062,0.28103940043306047,bladder transitional cell carcinoma,EFO_0006544
SOX2,ENSG00000181449,0.28102941664393044,bladder transitional cell carcinoma,EFO_0006544
SUZ12,ENSG00000178691,0.2810090158988055,bladder transitional cell carcinoma,EFO_0006544
HMGA1,ENSG00000137309,0.28095999523752446,bladder transitional cell carcinoma,EFO_0006544
NOTCH1,ENSG00000148400,0.2809135658648151,bladder transitional cell carcinoma,EFO_0006544
KLF4,ENSG00000136826,0.28090175189906524,bladder transitional cell carcinoma,EFO_0006544
SMO,ENSG00000128602,0.2808806895603734,bladder transitional cell carcinoma,EFO_0006544
KEAP1,ENSG00000079999,0.28086785692653016,bladder transitional cell carcinoma,EFO_0006544
HMGA2,ENSG00000149948,0.2808340782915689,bladder transitional cell carcinoma,EFO_0006544
CTNNB1,ENSG00000168036,0.2808054099631887,bladder transitional cell carcinoma,EFO_0006544
FHIT,ENSG00000189283,0.280761705379379,bladder transitional cell carcinoma,EFO_0006544
BRD4,ENSG00000141867,0.28074918072874805,bladder transitional cell carcinoma,EFO_0006544
SETD2,ENSG00000181555,0.2806824510327633,bladder transitional cell carcinoma,EFO_0006544
LZTR1,ENSG00000099949,0.28051110970568865,bladder transitional cell carcinoma,EFO_0006544
XPO1,ENSG00000082898,0.28032631977834627,bladder transitional cell carcinoma,EFO_0006544
SND1,ENSG00000197157,0.2802724227162048,bladder transitional cell carcinoma,EFO_0006544
SPOP,ENSG00000121067,0.2802287917611378,bladder transitional cell carcinoma,EFO_0006544
PAX5,ENSG00000196092,0.28016739729814605,bladder transitional cell carcinoma,EFO_0006544
HNF1A,ENSG00000135100,0.2801517959580785,bladder transitional cell carcinoma,EFO_0006544
FUBP1,ENSG00000162613,0.28004913488733274,bladder transitional cell carcinoma,EFO_0006544
MDM2,ENSG00000135679,0.2799694207595476,bladder transitional cell carcinoma,EFO_0006544
TGFBR2,ENSG00000163513,0.2799567399236616,bladder transitional cell carcinoma,EFO_0006544
PML,ENSG00000140464,0.27994904034335566,bladder transitional cell carcinoma,EFO_0006544
MSH2,ENSG00000095002,0.2799420971609729,bladder transitional cell carcinoma,EFO_0006544
EBF1,ENSG00000164330,0.27993815826985663,bladder transitional cell carcinoma,EFO_0006544
MDM4,ENSG00000198625,0.2798643449599904,bladder transitional cell carcinoma,EFO_0006544
PTCH1,ENSG00000185920,0.2798643449599904,bladder transitional cell carcinoma,EFO_0006544
STAT6,ENSG00000166888,0.2798643449599904,bladder transitional cell carcinoma,EFO_0006544
NTRK1,ENSG00000198400,0.27980505819163476,bladder transitional cell carcinoma,EFO_0006544
ACKR3,ENSG00000144476,0.27979027499744735,bladder transitional cell carcinoma,EFO_0006544
PTPRC,ENSG00000081237,0.27977066673293494,bladder transitional cell carcinoma,EFO_0006544
SMAD4,ENSG00000141646,0.27972061946094634,bladder transitional cell carcinoma,EFO_0006544
MLH1,ENSG00000076242,0.27969788003377616,bladder transitional cell carcinoma,EFO_0006544
CCDC6,ENSG00000108091,0.2796795550326481,bladder transitional cell carcinoma,EFO_0006544
PPM1D,ENSG00000170836,0.2796333575508125,bladder transitional cell carcinoma,EFO_0006544
LRIG3,ENSG00000139263,0.2795871600689769,bladder transitional cell carcinoma,EFO_0006544
DNMT3A,ENSG00000119772,0.27955353856830767,bladder transitional cell carcinoma,EFO_0006544
XPC,ENSG00000154767,0.279535829533604,bladder transitional cell carcinoma,EFO_0006544
IDH1,ENSG00000138413,0.2794611436046365,bladder transitional cell carcinoma,EFO_0006544
SMAD2,ENSG00000175387,0.27945051818381433,bladder transitional cell carcinoma,EFO_0006544
HNRNPA2B1,ENSG00000122566,0.279424185619168,bladder transitional cell carcinoma,EFO_0006544
NF2,ENSG00000186575,0.27940237014163455,bladder transitional cell carcinoma,EFO_0006544
IKZF3,ENSG00000161405,0.27940237014163455,bladder transitional cell carcinoma,EFO_0006544
ALK,ENSG00000171094,0.2793664387668735,bladder transitional cell carcinoma,EFO_0006544
RXRA,ENSG00000186350,0.2793664387668735,bladder transitional cell carcinoma,EFO_0006544
BAP1,ENSG00000163930,0.2793459065527244,bladder transitional cell carcinoma,EFO_0006544
FBXW7,ENSG00000109670,0.27934272405953126,bladder transitional cell carcinoma,EFO_0006544
NRAS,ENSG00000213281,0.27929416223038267,bladder transitional cell carcinoma,EFO_0006544
SRSF3,ENSG00000112081,0.27926377769612776,bladder transitional cell carcinoma,EFO_0006544
PMS2,ENSG00000122512,0.27926377769612776,bladder transitional cell carcinoma,EFO_0006544
PRF1,ENSG00000180644,0.27926377769612776,bladder transitional cell carcinoma,EFO_0006544
UBR5,ENSG00000104517,0.27926377769612776,bladder transitional cell carcinoma,EFO_0006544
HOXA11,ENSG00000005073,0.2792355459016727,bladder transitional cell carcinoma,EFO_0006544
ZFHX3,ENSG00000140836,0.2792124471607549,bladder transitional cell carcinoma,EFO_0006544
BRIP1,ENSG00000136492,0.2791713827324566,bladder transitional cell carcinoma,EFO_0006544
NTRK2,ENSG00000148053,0.2791713827324566,bladder transitional cell carcinoma,EFO_0006544
CCND3,ENSG00000112576,0.2791713827324566,bladder transitional cell carcinoma,EFO_0006544
BCL6,ENSG00000113916,0.27916624967891934,bladder transitional cell carcinoma,EFO_0006544
SMAD3,ENSG00000166949,0.279125185250621,bladder transitional cell carcinoma,EFO_0006544
ERCC3,ENSG00000163161,0.279125185250621,bladder transitional cell carcinoma,EFO_0006544
FOXO1,ENSG00000150907,0.27912028004180706,bladder transitional cell carcinoma,EFO_0006544
TET2,ENSG00000168769,0.2791200521970837,bladder transitional cell carcinoma,EFO_0006544
SFPQ,ENSG00000116560,0.27903279028694983,bladder transitional cell carcinoma,EFO_0006544
SYK,ENSG00000165025,0.27903279028694983,bladder transitional cell carcinoma,EFO_0006544
PALB2,ENSG00000083093,0.27903279028694983,bladder transitional cell carcinoma,EFO_0006544
RAD51C,ENSG00000108384,0.27903279028694983,bladder transitional cell carcinoma,EFO_0006544
SDHB,ENSG00000117118,0.27903279028694983,bladder transitional cell carcinoma,EFO_0006544
SPEN,ENSG00000065526,0.27903279028694983,bladder transitional cell carcinoma,EFO_0006544
IRF4,ENSG00000137265,0.27903279028694983,bladder transitional cell carcinoma,EFO_0006544
NKX2-1,ENSG00000136352,0.27903279028694983,bladder transitional cell carcinoma,EFO_0006544
DDX5,ENSG00000108654,0.2787094079141007,bladder transitional cell carcinoma,EFO_0006544
PLCG1,ENSG00000124181,0.2787094079141007,bladder transitional cell carcinoma,EFO_0006544
ETV5,ENSG00000244405,0.2787094079141007,bladder transitional cell carcinoma,EFO_0006544
SMARCA4,ENSG00000127616,0.278695959313833,bladder transitional cell carcinoma,EFO_0006544
FANCD2,ENSG00000144554,0.278624096564311,bladder transitional cell carcinoma,EFO_0006544
STAT5B,ENSG00000173757,0.2785459940120553,bladder transitional cell carcinoma,EFO_0006544
ABL1,ENSG00000097007,0.27842452344278124,bladder transitional cell carcinoma,EFO_0006544
IKBKB,ENSG00000104365,0.27840142470186346,bladder transitional cell carcinoma,EFO_0006544
GPC3,ENSG00000147257,0.27838602554125164,bladder transitional cell carcinoma,EFO_0006544
KMT2A,ENSG00000118058,0.2783808924877143,bladder transitional cell carcinoma,EFO_0006544
PRKAR1A,ENSG00000108946,0.2783808924877143,bladder transitional cell carcinoma,EFO_0006544
TRIM24,ENSG00000122779,0.278339828059416,bladder transitional cell carcinoma,EFO_0006544
JAK1,ENSG00000162434,0.278339828059416,bladder transitional cell carcinoma,EFO_0006544
GNAQ,ENSG00000156052,0.278339828059416,bladder transitional cell carcinoma,EFO_0006544
IL7R,ENSG00000168685,0.278339828059416,bladder transitional cell carcinoma,EFO_0006544
SF3B1,ENSG00000115524,0.2783090297381923,bladder transitional cell carcinoma,EFO_0006544
TCF7L2,ENSG00000148737,0.27829363057758044,bladder transitional cell carcinoma,EFO_0006544
KMT2C,ENSG00000055609,0.27829363057758044,bladder transitional cell carcinoma,EFO_0006544
USP8,ENSG00000138592,0.27829363057758044,bladder transitional cell carcinoma,EFO_0006544
RAC1,ENSG00000136238,0.27828018197731275,bladder transitional cell carcinoma,EFO_0006544
WRN,ENSG00000165392,0.27824230004220757,bladder transitional cell carcinoma,EFO_0006544
NOTCH2,ENSG00000134250,0.27824230004220757,bladder transitional cell carcinoma,EFO_0006544
H3C2,ENSG00000286522,0.27824230004220757,bladder transitional cell carcinoma,EFO_0006544
IDH2,ENSG00000182054,0.27824230004220757,bladder transitional cell carcinoma,EFO_0006544
BLM,ENSG00000197299,0.27820123561390925,bladder transitional cell carcinoma,EFO_0006544
ASXL1,ENSG00000171456,0.27810884065023805,bladder transitional cell carcinoma,EFO_0006544
PRDM16,ENSG00000142611,0.27810884065023805,bladder transitional cell carcinoma,EFO_0006544
TRIM33,ENSG00000197323,0.27810884065023805,bladder transitional cell carcinoma,EFO_0006544
TLX1,ENSG00000107807,0.27810884065023805,bladder transitional cell carcinoma,EFO_0006544
ZBTB16,ENSG00000109906,0.27810884065023805,bladder transitional cell carcinoma,EFO_0006544
MYD88,ENSG00000172936,0.27810884065023805,bladder transitional cell carcinoma,EFO_0006544
LYL1,ENSG00000104903,0.27810884065023805,bladder transitional cell carcinoma,EFO_0006544
MAML2,ENSG00000184384,0.27810884065023805,bladder transitional cell carcinoma,EFO_0006544
POT1,ENSG00000128513,0.27810884065023805,bladder transitional cell carcinoma,EFO_0006544
MSI2,ENSG00000153944,0.27810884065023805,bladder transitional cell carcinoma,EFO_0006544
FANCE,ENSG00000112039,0.27810884065023805,bladder transitional cell carcinoma,EFO_0006544
PTPRT,ENSG00000196090,0.27810884065023805,bladder transitional cell carcinoma,EFO_0006544
CDH11,ENSG00000140937,0.27810884065023805,bladder transitional cell carcinoma,EFO_0006544
AFF3,ENSG00000144218,0.27810884065023805,bladder transitional cell carcinoma,EFO_0006544
TNFAIP3,ENSG00000118503,0.27810884065023805,bladder transitional cell carcinoma,EFO_0006544
RASA1,ENSG00000145715,0.27810884065023805,bladder transitional cell carcinoma,EFO_0006544
ACVR2A,ENSG00000121989,0.27810884065023805,bladder transitional cell carcinoma,EFO_0006544
RICTOR,ENSG00000164327,0.27810884065023805,bladder transitional cell carcinoma,EFO_0006544
PER1,ENSG00000179094,0.27810884065023805,bladder transitional cell carcinoma,EFO_0006544
ETV1,ENSG00000006468,0.27810884065023805,bladder transitional cell carcinoma,EFO_0006544
PIM1,ENSG00000137193,0.27810884065023805,bladder transitional cell carcinoma,EFO_0006544
RNF43,ENSG00000108375,0.27810884065023805,bladder transitional cell carcinoma,EFO_0006544
FOXP1,ENSG00000114861,0.27810884065023805,bladder transitional cell carcinoma,EFO_0006544
RAD21,ENSG00000164754,0.27810884065023805,bladder transitional cell carcinoma,EFO_0006544
PBX1,ENSG00000185630,0.27810884065023805,bladder transitional cell carcinoma,EFO_0006544
WT1,ENSG00000184937,0.27810884065023805,bladder transitional cell carcinoma,EFO_0006544
B2M,ENSG00000166710,0.27810884065023805,bladder transitional cell carcinoma,EFO_0006544
SALL4,ENSG00000101115,0.2780626431684025,bladder transitional cell carcinoma,EFO_0006544
ETV4,ENSG00000175832,0.2780164456865669,bladder transitional cell carcinoma,EFO_0006544
FANCG,ENSG00000221829,0.2780164456865669,bladder transitional cell carcinoma,EFO_0006544
MN1,ENSG00000169184,0.2779240507228957,bladder transitional cell carcinoma,EFO_0006544
AXIN1,ENSG00000103126,0.2779240507228957,bladder transitional cell carcinoma,EFO_0006544
FLI1,ENSG00000151702,0.2779240507228957,bladder transitional cell carcinoma,EFO_0006544
PAX3,ENSG00000135903,0.2779240507228957,bladder transitional cell carcinoma,EFO_0006544
DNM2,ENSG00000079805,0.2778316557592245,bladder transitional cell carcinoma,EFO_0006544
JAK3,ENSG00000105639,0.2777392607955534,bladder transitional cell carcinoma,EFO_0006544
BIRC3,ENSG00000023445,0.2777392607955534,bladder transitional cell carcinoma,EFO_0006544
ZNF521,ENSG00000198795,0.2777392607955534,bladder transitional cell carcinoma,EFO_0006544
MUTYH,ENSG00000132781,0.2777392607955534,bladder transitional cell carcinoma,EFO_0006544
CDK12,ENSG00000167258,0.2777392607955534,bladder transitional cell carcinoma,EFO_0006544
DDR2,ENSG00000162733,0.2777392607955534,bladder transitional cell carcinoma,EFO_0006544
TRRAP,ENSG00000196367,0.2777392607955534,bladder transitional cell carcinoma,EFO_0006544
RSPO2,ENSG00000147655,0.2777392607955534,bladder transitional cell carcinoma,EFO_0006544
MAF,ENSG00000178573,0.2776468658318822,bladder transitional cell carcinoma,EFO_0006544
RARA,ENSG00000131759,0.2776468658318822,bladder transitional cell carcinoma,EFO_0006544
DDIT3,ENSG00000175197,0.2776468658318822,bladder transitional cell carcinoma,EFO_0006544
RECQL4,ENSG00000160957,0.27755447086821106,bladder transitional cell carcinoma,EFO_0006544
NUTM1,ENSG00000184507,0.27755447086821106,bladder transitional cell carcinoma,EFO_0006544
CDX2,ENSG00000165556,0.27755447086821106,bladder transitional cell carcinoma,EFO_0006544
WIF1,ENSG00000156076,0.27755447086821106,bladder transitional cell carcinoma,EFO_0006544
AFF4,ENSG00000072364,0.27755447086821106,bladder transitional cell carcinoma,EFO_0006544
SUFU,ENSG00000107882,0.27755447086821106,bladder transitional cell carcinoma,EFO_0006544
CCND2,ENSG00000118971,0.27755447086821106,bladder transitional cell carcinoma,EFO_0006544
ERCC5,ENSG00000134899,0.27755447086821106,bladder transitional cell carcinoma,EFO_0006544
NCOR2,ENSG00000196498,0.27755447086821106,bladder transitional cell carcinoma,EFO_0006544
AKT2,ENSG00000105221,0.27755447086821106,bladder transitional cell carcinoma,EFO_0006544
LRP1B,ENSG00000168702,0.27755447086821106,bladder transitional cell carcinoma,EFO_0006544
BCOR,ENSG00000183337,0.27718489101352634,bladder transitional cell carcinoma,EFO_0006544
FANCC,ENSG00000158169,0.27718489101352634,bladder transitional cell carcinoma,EFO_0006544
SFRP4,ENSG00000106483,0.27718489101352634,bladder transitional cell carcinoma,EFO_0006544
CIITA,ENSG00000179583,0.27718489101352634,bladder transitional cell carcinoma,EFO_0006544
FUS,ENSG00000089280,0.27718489101352634,bladder transitional cell carcinoma,EFO_0006544
AXIN2,ENSG00000168646,0.27718489101352634,bladder transitional cell carcinoma,EFO_0006544
XPA,ENSG00000136936,0.27718489101352634,bladder transitional cell carcinoma,EFO_0006544
USP6,ENSG00000129204,0.27718489101352634,bladder transitional cell carcinoma,EFO_0006544
POLQ,ENSG00000051341,0.27718489101352634,bladder transitional cell carcinoma,EFO_0006544
PATZ1,ENSG00000100105,0.27718489101352634,bladder transitional cell carcinoma,EFO_0006544
NFKB2,ENSG00000077150,0.27718489101352634,bladder transitional cell carcinoma,EFO_0006544
KCNJ5,ENSG00000120457,0.27718489101352634,bladder transitional cell carcinoma,EFO_0006544
KAT6A,ENSG00000083168,0.27718489101352634,bladder transitional cell carcinoma,EFO_0006544
BMPR1A,ENSG00000107779,0.27718489101352634,bladder transitional cell carcinoma,EFO_0006544
RAP1GDS1,ENSG00000138698,0.27718489101352634,bladder transitional cell carcinoma,EFO_0006544
TRAF7,ENSG00000131653,0.27718489101352634,bladder transitional cell carcinoma,EFO_0006544
SOS1,ENSG00000115904,0.27718489101352634,bladder transitional cell carcinoma,EFO_0006544
MLF1,ENSG00000178053,0.27718489101352634,bladder transitional cell carcinoma,EFO_0006544
MED12,ENSG00000184634,0.27718489101352634,bladder transitional cell carcinoma,EFO_0006544
DAXX,ENSG00000204209,0.27718489101352634,bladder transitional cell carcinoma,EFO_0006544
LEF1,ENSG00000138795,0.27718489101352634,bladder transitional cell carcinoma,EFO_0006544
CIC,ENSG00000079432,0.27718489101352634,bladder transitional cell carcinoma,EFO_0006544
NSD3,ENSG00000147548,0.27718489101352634,bladder transitional cell carcinoma,EFO_0006544
TLX3,ENSG00000164438,0.27718489101352634,bladder transitional cell carcinoma,EFO_0006544
SDHAF2,ENSG00000167985,0.27718489101352634,bladder transitional cell carcinoma,EFO_0006544
TNFRSF17,ENSG00000048462,0.27718489101352634,bladder transitional cell carcinoma,EFO_0006544
SRSF2,ENSG00000161547,0.27718489101352634,bladder transitional cell carcinoma,EFO_0006544
MPL,ENSG00000117400,0.27718489101352634,bladder transitional cell carcinoma,EFO_0006544
ELF4,ENSG00000102034,0.27718489101352634,bladder transitional cell carcinoma,EFO_0006544
LMO1,ENSG00000166407,0.27718489101352634,bladder transitional cell carcinoma,EFO_0006544
RAD51B,ENSG00000182185,0.27718489101352634,bladder transitional cell carcinoma,EFO_0006544
KLF6,ENSG00000067082,0.27718489101352634,bladder transitional cell carcinoma,EFO_0006544
SIX1,ENSG00000126778,0.27718489101352634,bladder transitional cell carcinoma,EFO_0006544
ARID2,ENSG00000189079,0.27718489101352634,bladder transitional cell carcinoma,EFO_0006544
ETNK1,ENSG00000139163,0.27718489101352634,bladder transitional cell carcinoma,EFO_0006544
FLCN,ENSG00000154803,0.27718489101352634,bladder transitional cell carcinoma,EFO_0006544
GATA1,ENSG00000102145,0.27718489101352634,bladder transitional cell carcinoma,EFO_0006544
NFKBIE,ENSG00000146232,0.27718489101352634,bladder transitional cell carcinoma,EFO_0006544
KAT6B,ENSG00000156650,0.27718489101352634,bladder transitional cell carcinoma,EFO_0006544
RANBP2,ENSG00000153201,0.27718489101352634,bladder transitional cell carcinoma,EFO_0006544
REL,ENSG00000162924,0.27718489101352634,bladder transitional cell carcinoma,EFO_0006544
CBFB,ENSG00000067955,0.27718489101352634,bladder transitional cell carcinoma,EFO_0006544
CNOT3,ENSG00000088038,0.27718489101352634,bladder transitional cell carcinoma,EFO_0006544
PTPRB,ENSG00000127329,0.27718489101352634,bladder transitional cell carcinoma,EFO_0006544
ATP2B3,ENSG00000067842,0.27718489101352634,bladder transitional cell carcinoma,EFO_0006544
ATRX,ENSG00000085224,0.27718489101352634,bladder transitional cell carcinoma,EFO_0006544
FBXO11,ENSG00000138081,0.27718489101352634,bladder transitional cell carcinoma,EFO_0006544
ELL,ENSG00000105656,0.27718489101352634,bladder transitional cell carcinoma,EFO_0006544
SDHD,ENSG00000204370,0.27718489101352634,bladder transitional cell carcinoma,EFO_0006544
TBL1XR1,ENSG00000177565,0.27718489101352634,bladder transitional cell carcinoma,EFO_0006544
PSIP1,ENSG00000164985,0.27718489101352634,bladder transitional cell carcinoma,EFO_0006544
MAP2K4,ENSG00000065559,0.27718489101352634,bladder transitional cell carcinoma,EFO_0006544
EPS15,ENSG00000085832,0.27718489101352634,bladder transitional cell carcinoma,EFO_0006544
AFDN,ENSG00000130396,0.27718489101352634,bladder transitional cell carcinoma,EFO_0006544
ZNF331,ENSG00000130844,0.27718489101352634,bladder transitional cell carcinoma,EFO_0006544
U2AF1,ENSG00000160201,0.27718489101352634,bladder transitional cell carcinoma,EFO_0006544
HOXC13,ENSG00000123364,0.27718489101352634,bladder transitional cell carcinoma,EFO_0006544
NSD2,ENSG00000109685,0.27718489101352634,bladder transitional cell carcinoma,EFO_0006544
RRAS2,ENSG00000133818,0.27718489101352634,bladder transitional cell carcinoma,EFO_0006544
CACNA1D,ENSG00000157388,0.27718489101352634,bladder transitional cell carcinoma,EFO_0006544
BCL9,ENSG00000116128,0.27718489101352634,bladder transitional cell carcinoma,EFO_0006544
ETV6,ENSG00000139083,0.27718489101352634,bladder transitional cell carcinoma,EFO_0006544
GRIN2A,ENSG00000183454,0.27718489101352634,bladder transitional cell carcinoma,EFO_0006544
MALT1,ENSG00000172175,0.27718489101352634,bladder transitional cell carcinoma,EFO_0006544
CRTC1,ENSG00000105662,0.27718489101352634,bladder transitional cell carcinoma,EFO_0006544
CBFA2T3,ENSG00000129993,0.27718489101352634,bladder transitional cell carcinoma,EFO_0006544
IL6ST,ENSG00000134352,0.27718489101352634,bladder transitional cell carcinoma,EFO_0006544
CD79B,ENSG00000007312,0.27718489101352634,bladder transitional cell carcinoma,EFO_0006544
PRKACA,ENSG00000072062,0.27718489101352634,bladder transitional cell carcinoma,EFO_0006544
MAP3K13,ENSG00000073803,0.27718489101352634,bladder transitional cell carcinoma,EFO_0006544
PREX2,ENSG00000046889,0.27718489101352634,bladder transitional cell carcinoma,EFO_0006544
HOXA13,ENSG00000106031,0.27718489101352634,bladder transitional cell carcinoma,EFO_0006544
ATP1A1,ENSG00000163399,0.27718489101352634,bladder transitional cell carcinoma,EFO_0006544
BRD3,ENSG00000169925,0.27718489101352634,bladder transitional cell carcinoma,EFO_0006544
SOCS1,ENSG00000185338,0.27718489101352634,bladder transitional cell carcinoma,EFO_0006544
MECOM,ENSG00000085276,0.27718489101352634,bladder transitional cell carcinoma,EFO_0006544
KIF5B,ENSG00000170759,0.27718489101352634,bladder transitional cell carcinoma,EFO_0006544
RSPO3,ENSG00000146374,0.27718489101352634,bladder transitional cell carcinoma,EFO_0006544
ARNT,ENSG00000143437,0.27718489101352634,bladder transitional cell carcinoma,EFO_0006544
PPP2R1A,ENSG00000105568,0.27718489101352634,bladder transitional cell carcinoma,EFO_0006544
IRS4,ENSG00000133124,0.27718489101352634,bladder transitional cell carcinoma,EFO_0006544
MITF,ENSG00000187098,0.27718489101352634,bladder transitional cell carcinoma,EFO_0006544
MAP3K1,ENSG00000095015,0.27718489101352634,bladder transitional cell carcinoma,EFO_0006544
ACVR1,ENSG00000115170,0.27718489101352634,bladder transitional cell carcinoma,EFO_0006544
SLC34A2,ENSG00000157765,0.27718489101352634,bladder transitional cell carcinoma,EFO_0006544
PTPRK,ENSG00000152894,0.27718489101352634,bladder transitional cell carcinoma,EFO_0006544
KDM5A,ENSG00000073614,0.27718489101352634,bladder transitional cell carcinoma,EFO_0006544
EXT1,ENSG00000182197,0.27718489101352634,bladder transitional cell carcinoma,EFO_0006544
QKI,ENSG00000112531,0.27718489101352634,bladder transitional cell carcinoma,EFO_0006544
FH,ENSG00000091483,0.27718489101352634,bladder transitional cell carcinoma,EFO_0006544
FCRL4,ENSG00000163518,0.27718489101352634,bladder transitional cell carcinoma,EFO_0006544
CARD11,ENSG00000198286,0.27718489101352634,bladder transitional cell carcinoma,EFO_0006544
ZRSR2,ENSG00000169249,0.27718489101352634,bladder transitional cell carcinoma,EFO_0006544
CDC73,ENSG00000134371,0.27718489101352634,bladder transitional cell carcinoma,EFO_0006544
CARS1,ENSG00000110619,0.27718489101352634,bladder transitional cell carcinoma,EFO_0006544
CHD4,ENSG00000111642,0.27718489101352634,bladder transitional cell carcinoma,EFO_0006544
DDX6,ENSG00000110367,0.27718489101352634,bladder transitional cell carcinoma,EFO_0006544
TFEB,ENSG00000112561,0.27718489101352634,bladder transitional cell carcinoma,EFO_0006544
ERCC4,ENSG00000175595,0.27718489101352634,bladder transitional cell carcinoma,EFO_0006544
GNAS,ENSG00000087460,0.27718489101352634,bladder transitional cell carcinoma,EFO_0006544
BCL11A,ENSG00000119866,0.27718489101352634,bladder transitional cell carcinoma,EFO_0006544
NAB2,ENSG00000166886,0.27718489101352634,bladder transitional cell carcinoma,EFO_0006544
TSC2,ENSG00000103197,0.27718489101352634,bladder transitional cell carcinoma,EFO_0006544
MYB,ENSG00000118513,0.27718489101352634,bladder transitional cell carcinoma,EFO_0006544
CTCF,ENSG00000102974,0.27718489101352634,bladder transitional cell carcinoma,EFO_0006544
MAFB,ENSG00000204103,0.27718489101352634,bladder transitional cell carcinoma,EFO_0006544
SDHC,ENSG00000143252,0.27718489101352634,bladder transitional cell carcinoma,EFO_0006544
P2RY8,ENSG00000182162,0.27718489101352634,bladder transitional cell carcinoma,EFO_0006544
RMI2,ENSG00000175643,0.27718489101352634,bladder transitional cell carcinoma,EFO_0006544
ERG,ENSG00000157554,0.27718489101352634,bladder transitional cell carcinoma,EFO_0006544
RHOH,ENSG00000168421,0.27718489101352634,bladder transitional cell carcinoma,EFO_0006544
RUNX1T1,ENSG00000079102,0.27718489101352634,bladder transitional cell carcinoma,EFO_0006544
GATA2,ENSG00000179348,0.27718489101352634,bladder transitional cell carcinoma,EFO_0006544
ARHGAP35,ENSG00000160007,0.27718489101352634,bladder transitional cell carcinoma,EFO_0006544
PPP6C,ENSG00000119414,0.27718489101352634,bladder transitional cell carcinoma,EFO_0006544
YWHAE,ENSG00000108953,0.27718489101352634,bladder transitional cell carcinoma,EFO_0006544
CYLD,ENSG00000083799,0.27718489101352634,bladder transitional cell carcinoma,EFO_0006544
MLLT10,ENSG00000078403,0.27718489101352634,bladder transitional cell carcinoma,EFO_0006544
TPM3,ENSG00000143549,0.27718489101352634,bladder transitional cell carcinoma,EFO_0006544
MRTFA,ENSG00000196588,0.27718489101352634,bladder transitional cell carcinoma,EFO_0006544
SDHA,ENSG00000073578,0.27718489101352634,bladder transitional cell carcinoma,EFO_0006544
FES,ENSG00000182511,0.27718489101352634,bladder transitional cell carcinoma,EFO_0006544
BCORL1,ENSG00000085185,0.27718489101352634,bladder transitional cell carcinoma,EFO_0006544
CEBPA,ENSG00000245848,0.27718489101352634,bladder transitional cell carcinoma,EFO_0006544
NCOA2,ENSG00000140396,0.27718489101352634,bladder transitional cell carcinoma,EFO_0006544
PHOX2B,ENSG00000109132,0.27718489101352634,bladder transitional cell carcinoma,EFO_0006544
IKZF1,ENSG00000185811,0.27718489101352634,bladder transitional cell carcinoma,EFO_0006544
H3-3A,ENSG00000163041,0.27718489101352634,bladder transitional cell carcinoma,EFO_0006544
ATF1,ENSG00000123268,0.27718489101352634,bladder transitional cell carcinoma,EFO_0006544
SH2B3,ENSG00000111252,0.27718489101352634,bladder transitional cell carcinoma,EFO_0006544
CLTC,ENSG00000141367,0.27718489101352634,bladder transitional cell carcinoma,EFO_0006544
SH3GL1,ENSG00000141985,0.27718489101352634,bladder transitional cell carcinoma,EFO_0006544
CREB3L2,ENSG00000182158,0.27718489101352634,bladder transitional cell carcinoma,EFO_0006544
BARD1,ENSG00000138376,0.27718489101352634,bladder transitional cell carcinoma,EFO_0006544
TCF3,ENSG00000071564,0.27718489101352634,bladder transitional cell carcinoma,EFO_0006544
H3-3B,ENSG00000132475,0.27718489101352634,bladder transitional cell carcinoma,EFO_0006544
CUX1,ENSG00000257923,0.27718489101352634,bladder transitional cell carcinoma,EFO_0006544
EXT2,ENSG00000151348,0.27718489101352634,bladder transitional cell carcinoma,EFO_0006544
SMARCE1,ENSG00000073584,0.27718489101352634,bladder transitional cell carcinoma,EFO_0006544
STK11,ENSG00000118046,0.27718489101352634,bladder transitional cell carcinoma,EFO_0006544
MYH9,ENSG00000100345,0.27718489101352634,bladder transitional cell carcinoma,EFO_0006544
NF1,ENSG00000196712,0.27718489101352634,bladder transitional cell carcinoma,EFO_0006544
MYCL,ENSG00000116990,0.27718489101352634,bladder transitional cell carcinoma,EFO_0006544
HOXD13,ENSG00000128714,0.27718489101352634,bladder transitional cell carcinoma,EFO_0006544
ROS1,ENSG00000047936,0.27718489101352634,bladder transitional cell carcinoma,EFO_0006544
ARHGAP26,ENSG00000145819,0.27718489101352634,bladder transitional cell carcinoma,EFO_0006544
NUP98,ENSG00000110713,0.27718489101352634,bladder transitional cell carcinoma,EFO_0006544
PRDM1,ENSG00000057657,0.27718489101352634,bladder transitional cell carcinoma,EFO_0006544
CLTCL1,ENSG00000070371,0.27718489101352634,bladder transitional cell carcinoma,EFO_0006544
BCL10,ENSG00000142867,0.27718489101352634,bladder transitional cell carcinoma,EFO_0006544
HIP1,ENSG00000127946,0.27718489101352634,bladder transitional cell carcinoma,EFO_0006544
RPL5,ENSG00000122406,0.27718489101352634,bladder transitional cell carcinoma,EFO_0006544
AMER1,ENSG00000184675,0.27718489101352634,bladder transitional cell carcinoma,EFO_0006544
MYOD1,ENSG00000129152,0.27718489101352634,bladder transitional cell carcinoma,EFO_0006544
MAX,ENSG00000125952,0.27718489101352634,bladder transitional cell carcinoma,EFO_0006544
RAD51D,ENSG00000185379,0.27718489101352634,bladder transitional cell carcinoma,EFO_0006544
KDM5C,ENSG00000126012,0.27718489101352634,bladder transitional cell carcinoma,EFO_0006544
EIF3E,ENSG00000104408,0.27718489101352634,bladder transitional cell carcinoma,EFO_0006544
HOXC11,ENSG00000123388,0.27718489101352634,bladder transitional cell carcinoma,EFO_0006544
FSTL3,ENSG00000070404,0.27718489101352634,bladder transitional cell carcinoma,EFO_0006544
NDRG1,ENSG00000104419,0.27718489101352634,bladder transitional cell carcinoma,EFO_0006544
FOXL2,ENSG00000183770,0.27718489101352634,bladder transitional cell carcinoma,EFO_0006544
LPP,ENSG00000145012,0.27718489101352634,bladder transitional cell carcinoma,EFO_0006544
BCL11B,ENSG00000127152,0.27718489101352634,bladder transitional cell carcinoma,EFO_0006544
ACVR1B,ENSG00000135503,0.27718489101352634,bladder transitional cell carcinoma,EFO_0006544
CBL,ENSG00000110395,0.27718489101352634,bladder transitional cell carcinoma,EFO_0006544
NT5C2,ENSG00000076685,0.27718489101352634,bladder transitional cell carcinoma,EFO_0006544
CRLF2,ENSG00000205755,0.27718489101352634,bladder transitional cell carcinoma,EFO_0006544
PTPN13,ENSG00000163629,0.27718489101352634,bladder transitional cell carcinoma,EFO_0006544
TRIM27,ENSG00000204713,0.27718489101352634,bladder transitional cell carcinoma,EFO_0006544
SSX1,ENSG00000126752,0.27718489101352634,bladder transitional cell carcinoma,EFO_0006544
FOXO4,ENSG00000184481,0.27718489101352634,bladder transitional cell carcinoma,EFO_0006544
DDB2,ENSG00000134574,0.27718489101352634,bladder transitional cell carcinoma,EFO_0006544
CBLB,ENSG00000114423,0.27718489101352634,bladder transitional cell carcinoma,EFO_0006544
DDX3X,ENSG00000215301,0.27718489101352634,bladder transitional cell carcinoma,EFO_0006544
CAMTA1,ENSG00000171735,0.27718489101352634,bladder transitional cell carcinoma,EFO_0006544
ARHGEF12,ENSG00000196914,0.27718489101352634,bladder transitional cell carcinoma,EFO_0006544
TACSTD2,ENSG00000184292,0.27317071566489837,bladder transitional cell carcinoma,EFO_0006544
PSCA,ENSG00000167653,0.26752231965011825,bladder transitional cell carcinoma,EFO_0006544
CDKN1A,ENSG00000124762,0.23621614001406135,bladder transitional cell carcinoma,EFO_0006544
EPHA3,ENSG00000044524,0.21148180573624603,bladder transitional cell carcinoma,EFO_0006544
CSF1R,ENSG00000182578,0.2060707399926646,bladder transitional cell carcinoma,EFO_0006544
ZEB1,ENSG00000148516,0.20462406020562404,bladder transitional cell carcinoma,EFO_0006544
ITK,ENSG00000113263,0.20409020864255198,bladder transitional cell carcinoma,EFO_0006544
PIK3R2,ENSG00000105647,0.20376169321616558,bladder transitional cell carcinoma,EFO_0006544
PIK3R3,ENSG00000117461,0.20326892007658598,bladder transitional cell carcinoma,EFO_0006544
CTNNA1,ENSG00000044115,0.20326892007658598,bladder transitional cell carcinoma,EFO_0006544
EPHA7,ENSG00000135333,0.20326892007658598,bladder transitional cell carcinoma,EFO_0006544
BCR,ENSG00000186716,0.1998041089389169,bladder transitional cell carcinoma,EFO_0006544
ASPM,ENSG00000066279,0.19961418595803723,bladder transitional cell carcinoma,EFO_0006544
ELN,ENSG00000049540,0.19828410912545533,bladder transitional cell carcinoma,EFO_0006544
PRKD1,ENSG00000184304,0.19698606254694603,bladder transitional cell carcinoma,EFO_0006544
TNFRSF14,ENSG00000157873,0.19679809012641059,bladder transitional cell carcinoma,EFO_0006544
GSK3B,ENSG00000082701,0.19439345672364702,bladder transitional cell carcinoma,EFO_0006544
FAS,ENSG00000026103,0.19404704554305707,bladder transitional cell carcinoma,EFO_0006544
ARAF,ENSG00000078061,0.19402942370946843,bladder transitional cell carcinoma,EFO_0006544
EZR,ENSG00000092820,0.1935437341837703,bladder transitional cell carcinoma,EFO_0006544
S100A7,ENSG00000143556,0.1933277064829677,bladder transitional cell carcinoma,EFO_0006544
LIFR,ENSG00000113594,0.19236631436338728,bladder transitional cell carcinoma,EFO_0006544
ALDH2,ENSG00000111275,0.19199673450870255,bladder transitional cell carcinoma,EFO_0006544
SNX29,ENSG00000048471,0.19181194458136022,bladder transitional cell carcinoma,EFO_0006544
IGF2BP2,ENSG00000073792,0.19162790243516048,bladder transitional cell carcinoma,EFO_0006544
TFRC,ENSG00000072274,0.19145106608455226,bladder transitional cell carcinoma,EFO_0006544
MYH11,ENSG00000133392,0.19079559998097728,bladder transitional cell carcinoma,EFO_0006544
FLNA,ENSG00000196924,0.19042381291327154,bladder transitional cell carcinoma,EFO_0006544
NUMA1,ENSG00000137497,0.19013686047433115,bladder transitional cell carcinoma,EFO_0006544
ROCK1,ENSG00000067900,0.18996404530793673,bladder transitional cell carcinoma,EFO_0006544
HSP90AA1,ENSG00000080824,0.18958230011636865,bladder transitional cell carcinoma,EFO_0006544
SHTN1,ENSG00000187164,0.18950207048958084,bladder transitional cell carcinoma,EFO_0006544
CTNND1,ENSG00000198561,0.18876291078021143,bladder transitional cell carcinoma,EFO_0006544
MUC16,ENSG00000181143,0.18870530822540874,bladder transitional cell carcinoma,EFO_0006544
MSN,ENSG00000147065,0.1884857258891979,bladder transitional cell carcinoma,EFO_0006544
FANCF,ENSG00000183161,0.1884857258891979,bladder transitional cell carcinoma,EFO_0006544
MACC1,ENSG00000183742,0.18826500458709453,bladder transitional cell carcinoma,EFO_0006544
COL3A1,ENSG00000168542,0.1882605388305171,bladder transitional cell carcinoma,EFO_0006544
POU5F1,ENSG00000204531,0.18825935351417478,bladder transitional cell carcinoma,EFO_0006544
MUC1,ENSG00000185499,0.18809191128769653,bladder transitional cell carcinoma,EFO_0006544
SETDB1,ENSG00000143379,0.18802375107084202,bladder transitional cell carcinoma,EFO_0006544
GLI1,ENSG00000111087,0.18801415226072732,bladder transitional cell carcinoma,EFO_0006544
COL1A1,ENSG00000108821,0.18799828798261126,bladder transitional cell carcinoma,EFO_0006544
BAX,ENSG00000087088,0.18789755180694198,bladder transitional cell carcinoma,EFO_0006544
PTPN6,ENSG00000111679,0.18787489251826067,bladder transitional cell carcinoma,EFO_0006544
PDGFB,ENSG00000100311,0.18756177625248613,bladder transitional cell carcinoma,EFO_0006544
CYP2C8,ENSG00000138115,0.187469381288815,bladder transitional cell carcinoma,EFO_0006544
CDH17,ENSG00000079112,0.18746637530980984,bladder transitional cell carcinoma,EFO_0006544
TNC,ENSG00000041982,0.18737064071865359,bladder transitional cell carcinoma,EFO_0006544
GOLPH3,ENSG00000113384,0.18717874779753377,bladder transitional cell carcinoma,EFO_0006544
TMPRSS2,ENSG00000184012,0.1871408658624286,bladder transitional cell carcinoma,EFO_0006544
SUB1,ENSG00000113387,0.18699395787019138,bladder transitional cell carcinoma,EFO_0006544
ITGAV,ENSG00000138448,0.18695094288154893,bladder transitional cell carcinoma,EFO_0006544
ELF3,ENSG00000163435,0.18689844856305152,bladder transitional cell carcinoma,EFO_0006544
MGMT,ENSG00000170430,0.18688677971233283,bladder transitional cell carcinoma,EFO_0006544
BTG1,ENSG00000133639,0.18686881402495234,bladder transitional cell carcinoma,EFO_0006544
NR2F2,ENSG00000185551,0.18682261654311674,bladder transitional cell carcinoma,EFO_0006544
RPN1,ENSG00000163902,0.18673022157944558,bladder transitional cell carcinoma,EFO_0006544
HOOK3,ENSG00000168172,0.1866378266157744,bladder transitional cell carcinoma,EFO_0006544
LMNA,ENSG00000160789,0.1866378266157744,bladder transitional cell carcinoma,EFO_0006544
CLP1,ENSG00000172409,0.1866378266157744,bladder transitional cell carcinoma,EFO_0006544
CASP9,ENSG00000132906,0.1865095002773422,bladder transitional cell carcinoma,EFO_0006544
KNSTRN,ENSG00000128944,0.18645303668843202,bladder transitional cell carcinoma,EFO_0006544
EIF4A2,ENSG00000156976,0.1862682467610897,bladder transitional cell carcinoma,EFO_0006544
ZCCHC8,ENSG00000033030,0.18612965431558293,bladder transitional cell carcinoma,EFO_0006544
RBM15,ENSG00000162775,0.18608217357036302,bladder transitional cell carcinoma,EFO_0006544
PABPC1,ENSG00000070756,0.18600902755745666,bladder transitional cell carcinoma,EFO_0006544
NFIB,ENSG00000147862,0.18598592881653886,bladder transitional cell carcinoma,EFO_0006544
MUC4,ENSG00000145113,0.18594486438824057,bladder transitional cell carcinoma,EFO_0006544
TENT5C,ENSG00000183508,0.18594486438824057,bladder transitional cell carcinoma,EFO_0006544
CANT1,ENSG00000171302,0.185898666906405,bladder transitional cell carcinoma,EFO_0006544
PTPRD,ENSG00000153707,0.1858473363710321,bladder transitional cell carcinoma,EFO_0006544
RAD51,ENSG00000051180,0.1858062719427338,bladder transitional cell carcinoma,EFO_0006544
CD28,ENSG00000178562,0.1858062719427338,bladder transitional cell carcinoma,EFO_0006544
CHST11,ENSG00000171310,0.18571387697906264,bladder transitional cell carcinoma,EFO_0006544
CUL3,ENSG00000036257,0.18571387697906264,bladder transitional cell carcinoma,EFO_0006544
ZMYM2,ENSG00000121741,0.18571387697906264,bladder transitional cell carcinoma,EFO_0006544
DNAJB1,ENSG00000132002,0.18571387697906264,bladder transitional cell carcinoma,EFO_0006544
GOPC,ENSG00000047932,0.18571387697906264,bladder transitional cell carcinoma,EFO_0006544
PRRX1,ENSG00000116132,0.18571387697906264,bladder transitional cell carcinoma,EFO_0006544
NSD1,ENSG00000165671,0.18571387697906264,bladder transitional cell carcinoma,EFO_0006544
POU2AF1,ENSG00000110777,0.18571387697906264,bladder transitional cell carcinoma,EFO_0006544
PRCC,ENSG00000143294,0.18571387697906264,bladder transitional cell carcinoma,EFO_0006544
ATIC,ENSG00000138363,0.18571387697906264,bladder transitional cell carcinoma,EFO_0006544
FAT3,ENSG00000165323,0.18571387697906264,bladder transitional cell carcinoma,EFO_0006544
PAX8,ENSG00000125618,0.18554448621233216,bladder transitional cell carcinoma,EFO_0006544
HERPUD1,ENSG00000051108,0.18552908705172028,bladder transitional cell carcinoma,EFO_0006544
NUP214,ENSG00000126883,0.18552908705172028,bladder transitional cell carcinoma,EFO_0006544
PRKCB,ENSG00000166501,0.18534429712437792,bladder transitional cell carcinoma,EFO_0006544
LYN,ENSG00000254087,0.18534429712437792,bladder transitional cell carcinoma,EFO_0006544
AKT3,ENSG00000117020,0.18534429712437792,bladder transitional cell carcinoma,EFO_0006544
CD209,ENSG00000090659,0.18525190216070678,bladder transitional cell carcinoma,EFO_0006544
WNK2,ENSG00000165238,0.18525190216070678,bladder transitional cell carcinoma,EFO_0006544
ARHGAP5,ENSG00000100852,0.18515950719703558,bladder transitional cell carcinoma,EFO_0006544
LASP1,ENSG00000002834,0.18515950719703558,bladder transitional cell carcinoma,EFO_0006544
DCC,ENSG00000187323,0.18515950719703558,bladder transitional cell carcinoma,EFO_0006544
STAG1,ENSG00000118007,0.18515950719703558,bladder transitional cell carcinoma,EFO_0006544
HOXA9,ENSG00000078399,0.18515950719703558,bladder transitional cell carcinoma,EFO_0006544
USP9X,ENSG00000124486,0.18515950719703558,bladder transitional cell carcinoma,EFO_0006544
TAL1,ENSG00000162367,0.1847899273423509,bladder transitional cell carcinoma,EFO_0006544
BCLAF1,ENSG00000029363,0.1847899273423509,bladder transitional cell carcinoma,EFO_0006544
WDCP,ENSG00000163026,0.1847899273423509,bladder transitional cell carcinoma,EFO_0006544
FIP1L1,ENSG00000145216,0.1847899273423509,bladder transitional cell carcinoma,EFO_0006544
SEPTIN5,ENSG00000184702,0.1847899273423509,bladder transitional cell carcinoma,EFO_0006544
FAM135B,ENSG00000147724,0.1847899273423509,bladder transitional cell carcinoma,EFO_0006544
DCAF12L2,ENSG00000198354,0.1847899273423509,bladder transitional cell carcinoma,EFO_0006544
MUC6,ENSG00000184956,0.1847899273423509,bladder transitional cell carcinoma,EFO_0006544
PCM1,ENSG00000078674,0.1847899273423509,bladder transitional cell carcinoma,EFO_0006544
PLEC,ENSG00000178209,0.1847899273423509,bladder transitional cell carcinoma,EFO_0006544
PRPF40B,ENSG00000110844,0.1847899273423509,bladder transitional cell carcinoma,EFO_0006544
DCTN1,ENSG00000204843,0.1847899273423509,bladder transitional cell carcinoma,EFO_0006544
NIN,ENSG00000100503,0.1847899273423509,bladder transitional cell carcinoma,EFO_0006544
MLLT3,ENSG00000171843,0.1847899273423509,bladder transitional cell carcinoma,EFO_0006544
TSHR,ENSG00000165409,0.1847899273423509,bladder transitional cell carcinoma,EFO_0006544
ROBO2,ENSG00000185008,0.1847899273423509,bladder transitional cell carcinoma,EFO_0006544
TNRC18,ENSG00000182095,0.1847899273423509,bladder transitional cell carcinoma,EFO_0006544
RFWD3,ENSG00000168411,0.1847899273423509,bladder transitional cell carcinoma,EFO_0006544
BCL7A,ENSG00000110987,0.1847899273423509,bladder transitional cell carcinoma,EFO_0006544
AKAP9,ENSG00000127914,0.1847899273423509,bladder transitional cell carcinoma,EFO_0006544
LCP1,ENSG00000136167,0.1847899273423509,bladder transitional cell carcinoma,EFO_0006544
PAFAH1B2,ENSG00000168092,0.1847899273423509,bladder transitional cell carcinoma,EFO_0006544
ZNRF3,ENSG00000183579,0.1847899273423509,bladder transitional cell carcinoma,EFO_0006544
DEK,ENSG00000124795,0.1847899273423509,bladder transitional cell carcinoma,EFO_0006544
ARHGEF10,ENSG00000104728,0.1847899273423509,bladder transitional cell carcinoma,EFO_0006544
CCNB1IP1,ENSG00000100814,0.1847899273423509,bladder transitional cell carcinoma,EFO_0006544
NCKIPSD,ENSG00000213672,0.1847899273423509,bladder transitional cell carcinoma,EFO_0006544
CYSLTR2,ENSG00000152207,0.1847899273423509,bladder transitional cell carcinoma,EFO_0006544
POLG,ENSG00000140521,0.1847899273423509,bladder transitional cell carcinoma,EFO_0006544
NCOA1,ENSG00000084676,0.1847899273423509,bladder transitional cell carcinoma,EFO_0006544
TEC,ENSG00000135605,0.1847899273423509,bladder transitional cell carcinoma,EFO_0006544
TCEA1,ENSG00000187735,0.1847899273423509,bladder transitional cell carcinoma,EFO_0006544
KTN1,ENSG00000126777,0.1847899273423509,bladder transitional cell carcinoma,EFO_0006544
SS18L1,ENSG00000184402,0.1847899273423509,bladder transitional cell carcinoma,EFO_0006544
NACA,ENSG00000196531,0.1847899273423509,bladder transitional cell carcinoma,EFO_0006544
HEY1,ENSG00000164683,0.1847899273423509,bladder transitional cell carcinoma,EFO_0006544
KIAA1549,ENSG00000122778,0.1847899273423509,bladder transitional cell carcinoma,EFO_0006544
GPC5,ENSG00000179399,0.1847899273423509,bladder transitional cell carcinoma,EFO_0006544
FBLN2,ENSG00000163520,0.1847899273423509,bladder transitional cell carcinoma,EFO_0006544
RGS7,ENSG00000182901,0.1847899273423509,bladder transitional cell carcinoma,EFO_0006544
SDC4,ENSG00000124145,0.1847899273423509,bladder transitional cell carcinoma,EFO_0006544
LMO2,ENSG00000135363,0.1847899273423509,bladder transitional cell carcinoma,EFO_0006544
JAZF1,ENSG00000153814,0.1847899273423509,bladder transitional cell carcinoma,EFO_0006544
MYO5A,ENSG00000197535,0.1847899273423509,bladder transitional cell carcinoma,EFO_0006544
ID3,ENSG00000117318,0.1847899273423509,bladder transitional cell carcinoma,EFO_0006544
VAV1,ENSG00000141968,0.1847899273423509,bladder transitional cell carcinoma,EFO_0006544
CLIP1,ENSG00000130779,0.1847899273423509,bladder transitional cell carcinoma,EFO_0006544
SMARCD1,ENSG00000066117,0.1847899273423509,bladder transitional cell carcinoma,EFO_0006544
ZMYM3,ENSG00000147130,0.1847899273423509,bladder transitional cell carcinoma,EFO_0006544
SGK1,ENSG00000118515,0.1847899273423509,bladder transitional cell carcinoma,EFO_0006544
PMS1,ENSG00000064933,0.1847899273423509,bladder transitional cell carcinoma,EFO_0006544
EML4,ENSG00000143924,0.1847899273423509,bladder transitional cell carcinoma,EFO_0006544
ASPSCR1,ENSG00000169696,0.1847899273423509,bladder transitional cell carcinoma,EFO_0006544
NTHL1,ENSG00000065057,0.1847899273423509,bladder transitional cell carcinoma,EFO_0006544
LEPROTL1,ENSG00000104660,0.1847899273423509,bladder transitional cell carcinoma,EFO_0006544
ERC1,ENSG00000082805,0.1847899273423509,bladder transitional cell carcinoma,EFO_0006544
CTNND2,ENSG00000169862,0.1847899273423509,bladder transitional cell carcinoma,EFO_0006544
ECT2L,ENSG00000203734,0.1847899273423509,bladder transitional cell carcinoma,EFO_0006544
ZNF429,ENSG00000197013,0.1847899273423509,bladder transitional cell carcinoma,EFO_0006544
THRAP3,ENSG00000054118,0.1847899273423509,bladder transitional cell carcinoma,EFO_0006544
RAD17,ENSG00000152942,0.1847899273423509,bladder transitional cell carcinoma,EFO_0006544
SRGAP3,ENSG00000196220,0.1847899273423509,bladder transitional cell carcinoma,EFO_0006544
GNA11,ENSG00000088256,0.1847899273423509,bladder transitional cell carcinoma,EFO_0006544
TMEM127,ENSG00000135956,0.1847899273423509,bladder transitional cell carcinoma,EFO_0006544
COL2A1,ENSG00000139219,0.1847899273423509,bladder transitional cell carcinoma,EFO_0006544
OLIG2,ENSG00000205927,0.1847899273423509,bladder transitional cell carcinoma,EFO_0006544
EED,ENSG00000074266,0.1847899273423509,bladder transitional cell carcinoma,EFO_0006544
KAT7,ENSG00000136504,0.1847899273423509,bladder transitional cell carcinoma,EFO_0006544
ANK1,ENSG00000029534,0.1847899273423509,bladder transitional cell carcinoma,EFO_0006544
CNTRL,ENSG00000119397,0.1847899273423509,bladder transitional cell carcinoma,EFO_0006544
CDKN2C,ENSG00000123080,0.1847899273423509,bladder transitional cell carcinoma,EFO_0006544
AFF1,ENSG00000172493,0.1847899273423509,bladder transitional cell carcinoma,EFO_0006544
BCL3,ENSG00000069399,0.1847899273423509,bladder transitional cell carcinoma,EFO_0006544
ZNF384,ENSG00000126746,0.1847899273423509,bladder transitional cell carcinoma,EFO_0006544
MLLT1,ENSG00000130382,0.1847899273423509,bladder transitional cell carcinoma,EFO_0006544
IL21R,ENSG00000103522,0.1847899273423509,bladder transitional cell carcinoma,EFO_0006544
CNBP,ENSG00000169714,0.1847899273423509,bladder transitional cell carcinoma,EFO_0006544
TFG,ENSG00000114354,0.1847899273423509,bladder transitional cell carcinoma,EFO_0006544
EIF1AX,ENSG00000173674,0.1847899273423509,bladder transitional cell carcinoma,EFO_0006544
GTF2I,ENSG00000263001,0.1847899273423509,bladder transitional cell carcinoma,EFO_0006544
MTCP1,ENSG00000214827,0.1847899273423509,bladder transitional cell carcinoma,EFO_0006544
FAM47C,ENSG00000198173,0.1847899273423509,bladder transitional cell carcinoma,EFO_0006544
LARP4B,ENSG00000107929,0.1847899273423509,bladder transitional cell carcinoma,EFO_0006544
PCBP1,ENSG00000169564,0.1847899273423509,bladder transitional cell carcinoma,EFO_0006544
VTI1A,ENSG00000151532,0.1847899273423509,bladder transitional cell carcinoma,EFO_0006544
MLLT11,ENSG00000213190,0.1847899273423509,bladder transitional cell carcinoma,EFO_0006544
ZNF479,ENSG00000185177,0.1847899273423509,bladder transitional cell carcinoma,EFO_0006544
GPHN,ENSG00000171723,0.1847899273423509,bladder transitional cell carcinoma,EFO_0006544
NONO,ENSG00000147140,0.1847899273423509,bladder transitional cell carcinoma,EFO_0006544
ELK4,ENSG00000158711,0.1847899273423509,bladder transitional cell carcinoma,EFO_0006544
CNBD1,ENSG00000176571,0.1847899273423509,bladder transitional cell carcinoma,EFO_0006544
LHFPL6,ENSG00000183722,0.1847899273423509,bladder transitional cell carcinoma,EFO_0006544
CRNKL1,ENSG00000101343,0.1847899273423509,bladder transitional cell carcinoma,EFO_0006544
CNTNAP2,ENSG00000174469,0.1847899273423509,bladder transitional cell carcinoma,EFO_0006544
MB21D2,ENSG00000180611,0.1847899273423509,bladder transitional cell carcinoma,EFO_0006544
CEP43,ENSG00000213066,0.1847899273423509,bladder transitional cell carcinoma,EFO_0006544
FOXR1,ENSG00000176302,0.1847899273423509,bladder transitional cell carcinoma,EFO_0006544
MNX1,ENSG00000130675,0.1847899273423509,bladder transitional cell carcinoma,EFO_0006544
BCL2L12,ENSG00000126453,0.1847899273423509,bladder transitional cell carcinoma,EFO_0006544
FKBP9,ENSG00000122642,0.1847899273423509,bladder transitional cell carcinoma,EFO_0006544
FAM131B,ENSG00000159784,0.1847899273423509,bladder transitional cell carcinoma,EFO_0006544
GRM3,ENSG00000198822,0.1847899273423509,bladder transitional cell carcinoma,EFO_0006544
SET,ENSG00000119335,0.1847899273423509,bladder transitional cell carcinoma,EFO_0006544
ACSL6,ENSG00000164398,0.1847899273423509,bladder transitional cell carcinoma,EFO_0006544
CRTC3,ENSG00000140577,0.1847899273423509,bladder transitional cell carcinoma,EFO_0006544
GOLGA5,ENSG00000066455,0.1847899273423509,bladder transitional cell carcinoma,EFO_0006544
RAP1B,ENSG00000127314,0.1847899273423509,bladder transitional cell carcinoma,EFO_0006544
TPR,ENSG00000047410,0.1847899273423509,bladder transitional cell carcinoma,EFO_0006544
POLR2A,ENSG00000181222,0.1847899273423509,bladder transitional cell carcinoma,EFO_0006544
CEP89,ENSG00000121289,0.1847899273423509,bladder transitional cell carcinoma,EFO_0006544
TAL2,ENSG00000186051,0.1847899273423509,bladder transitional cell carcinoma,EFO_0006544
NBEA,ENSG00000172915,0.1847899273423509,bladder transitional cell carcinoma,EFO_0006544
GAS7,ENSG00000007237,0.1847899273423509,bladder transitional cell carcinoma,EFO_0006544
CDH10,ENSG00000040731,0.1847899273423509,bladder transitional cell carcinoma,EFO_0006544
BMP5,ENSG00000112175,0.1847899273423509,bladder transitional cell carcinoma,EFO_0006544
WAS,ENSG00000015285,0.1847899273423509,bladder transitional cell carcinoma,EFO_0006544
CSMD3,ENSG00000164796,0.1847899273423509,bladder transitional cell carcinoma,EFO_0006544
CBLC,ENSG00000142273,0.1847899273423509,bladder transitional cell carcinoma,EFO_0006544
CHD2,ENSG00000173575,0.1847899273423509,bladder transitional cell carcinoma,EFO_0006544
CTNNA2,ENSG00000066032,0.1847899273423509,bladder transitional cell carcinoma,EFO_0006544
A1CF,ENSG00000148584,0.1847899273423509,bladder transitional cell carcinoma,EFO_0006544
STRN,ENSG00000115808,0.1847899273423509,bladder transitional cell carcinoma,EFO_0006544
SPECC1,ENSG00000128487,0.1847899273423509,bladder transitional cell carcinoma,EFO_0006544
SLC45A3,ENSG00000158715,0.1847899273423509,bladder transitional cell carcinoma,EFO_0006544
PICALM,ENSG00000073921,0.1847899273423509,bladder transitional cell carcinoma,EFO_0006544
HOXD11,ENSG00000128713,0.1847899273423509,bladder transitional cell carcinoma,EFO_0006544
N4BP2,ENSG00000078177,0.1847899273423509,bladder transitional cell carcinoma,EFO_0006544
SKI,ENSG00000157933,0.1847899273423509,bladder transitional cell carcinoma,EFO_0006544
SETD1B,ENSG00000139718,0.1847899273423509,bladder transitional cell carcinoma,EFO_0006544
USP44,ENSG00000136014,0.1847899273423509,bladder transitional cell carcinoma,EFO_0006544
TRIP11,ENSG00000100815,0.1847899273423509,bladder transitional cell carcinoma,EFO_0006544
PAX7,ENSG00000009709,0.1847899273423509,bladder transitional cell carcinoma,EFO_0006544
SEPTIN9,ENSG00000184640,0.1847899273423509,bladder transitional cell carcinoma,EFO_0006544
RNF213,ENSG00000173821,0.1847899273423509,bladder transitional cell carcinoma,EFO_0006544
RALGDS,ENSG00000160271,0.1847899273423509,bladder transitional cell carcinoma,EFO_0006544
CPEB3,ENSG00000107864,0.1847899273423509,bladder transitional cell carcinoma,EFO_0006544
PDE4DIP,ENSG00000178104,0.1847899273423509,bladder transitional cell carcinoma,EFO_0006544
ARHGEF10L,ENSG00000074964,0.1847899273423509,bladder transitional cell carcinoma,EFO_0006544
SEPTIN6,ENSG00000125354,0.1847899273423509,bladder transitional cell carcinoma,EFO_0006544
PRDM2,ENSG00000116731,0.1847899273423509,bladder transitional cell carcinoma,EFO_0006544
ACSL3,ENSG00000123983,0.1847899273423509,bladder transitional cell carcinoma,EFO_0006544
SBDS,ENSG00000126524,0.1847899273423509,bladder transitional cell carcinoma,EFO_0006544
ASXL2,ENSG00000143970,0.1847899273423509,bladder transitional cell carcinoma,EFO_0006544
KDSR,ENSG00000119537,0.1847899273423509,bladder transitional cell carcinoma,EFO_0006544
ISX,ENSG00000175329,0.1847899273423509,bladder transitional cell carcinoma,EFO_0006544
FEV,ENSG00000163497,0.1847899273423509,bladder transitional cell carcinoma,EFO_0006544
GMPS,ENSG00000163655,0.1847899273423509,bladder transitional cell carcinoma,EFO_0006544
SIRPA,ENSG00000198053,0.1847899273423509,bladder transitional cell carcinoma,EFO_0006544
PPFIBP1,ENSG00000110841,0.1847899273423509,bladder transitional cell carcinoma,EFO_0006544
CCNC,ENSG00000112237,0.1847899273423509,bladder transitional cell carcinoma,EFO_0006544
SOX21,ENSG00000125285,0.1847899273423509,bladder transitional cell carcinoma,EFO_0006544
BIRC6,ENSG00000115760,0.1847899273423509,bladder transitional cell carcinoma,EFO_0006544
SMC1A,ENSG00000072501,0.1847899273423509,bladder transitional cell carcinoma,EFO_0006544
FNBP1,ENSG00000187239,0.1847899273423509,bladder transitional cell carcinoma,EFO_0006544
TCF12,ENSG00000140262,0.1847899273423509,bladder transitional cell carcinoma,EFO_0006544
BAZ1A,ENSG00000198604,0.1847899273423509,bladder transitional cell carcinoma,EFO_0006544
JRK,ENSG00000234616,0.12168978737509172,bladder transitional cell carcinoma,EFO_0006544
CCR7,ENSG00000126353,0.11167214623045874,bladder transitional cell carcinoma,EFO_0006544
TGFB1,ENSG00000105329,0.11161913026151328,bladder transitional cell carcinoma,EFO_0006544
TUBA1C,ENSG00000167553,0.11161378341173978,bladder transitional cell carcinoma,EFO_0006544
CTLA4,ENSG00000163599,0.11115481919620356,bladder transitional cell carcinoma,EFO_0006544
ENO1,ENSG00000074800,0.1018558252867188,bladder transitional cell carcinoma,EFO_0006544
ANLN,ENSG00000011426,0.10165546645605342,bladder transitional cell carcinoma,EFO_0006544
LAG3,ENSG00000089692,0.09932376416893358,bladder transitional cell carcinoma,EFO_0006544
TEAD4,ENSG00000197905,0.09792684289756684,bladder transitional cell carcinoma,EFO_0006544
CASP3,ENSG00000164305,0.09771683214805443,bladder transitional cell carcinoma,EFO_0006544
HLA-A,ENSG00000206503,0.09694926542213379,bladder transitional cell carcinoma,EFO_0006544
HSP90AB1,ENSG00000096384,0.09627041909182753,bladder transitional cell carcinoma,EFO_0006544
CXCL12,ENSG00000107562,0.09611671070673102,bladder transitional cell carcinoma,EFO_0006544
RENBP,ENSG00000102032,0.09600517483920883,bladder transitional cell carcinoma,EFO_0006544
RBP4,ENSG00000138207,0.09600517483920883,bladder transitional cell carcinoma,EFO_0006544
SUGP1,ENSG00000105705,0.09600517483920883,bladder transitional cell carcinoma,EFO_0006544
BTG2,ENSG00000159388,0.09589570618360554,bladder transitional cell carcinoma,EFO_0006544
EPHB6,ENSG00000106123,0.0954183322046378,bladder transitional cell carcinoma,EFO_0006544
TUBA1B,ENSG00000123416,0.09424286294459895,bladder transitional cell carcinoma,EFO_0006544
FKBP1A,ENSG00000088832,0.09424286294459895,bladder transitional cell carcinoma,EFO_0006544
CD276,ENSG00000103855,0.09409462566569425,bladder transitional cell carcinoma,EFO_0006544
KLK2,ENSG00000167751,0.09341130827155837,bladder transitional cell carcinoma,EFO_0006544
TUBA4A,ENSG00000127824,0.09341130827155837,bladder transitional cell carcinoma,EFO_0006544
FLT1,ENSG00000102755,0.0933189133078872,bladder transitional cell carcinoma,EFO_0006544
FEN1,ENSG00000168496,0.0933189133078872,bladder transitional cell carcinoma,EFO_0006544
HSPB2,ENSG00000170276,0.09316122590322173,bladder transitional cell carcinoma,EFO_0006544
FADD,ENSG00000168040,0.09276454352586014,bladder transitional cell carcinoma,EFO_0006544
TFPT,ENSG00000105619,0.09239496367117545,bladder transitional cell carcinoma,EFO_0006544
RGPD3,ENSG00000153165,0.09239496367117545,bladder transitional cell carcinoma,EFO_0006544
CHIC2,ENSG00000109220,0.09239496367117545,bladder transitional cell carcinoma,EFO_0006544
LSM14A,ENSG00000257103,0.09239496367117545,bladder transitional cell carcinoma,EFO_0006544
DGCR8,ENSG00000128191,0.09239496367117545,bladder transitional cell carcinoma,EFO_0006544
PWWP2A,ENSG00000170234,0.09239496367117545,bladder transitional cell carcinoma,EFO_0006544
SS18,ENSG00000141380,0.09239496367117545,bladder transitional cell carcinoma,EFO_0006544
TMSB4X,ENSG00000205542,0.09239496367117545,bladder transitional cell carcinoma,EFO_0006544
TUBA1A,ENSG00000167552,0.09239496367117545,bladder transitional cell carcinoma,EFO_0006544
TUBA3E,ENSG00000152086,0.09239496367117545,bladder transitional cell carcinoma,EFO_0006544
TUBA3C,ENSG00000198033,0.09239496367117545,bladder transitional cell carcinoma,EFO_0006544
RABEP1,ENSG00000029725,0.09239496367117545,bladder transitional cell carcinoma,EFO_0006544
HSPB3,ENSG00000169271,0.09223727626650997,bladder transitional cell carcinoma,EFO_0006544
CDCA3,ENSG00000111665,0.09160213212548299,bladder transitional cell carcinoma,EFO_0006544
IGF2BP3,ENSG00000136231,0.0896614326023602,bladder transitional cell carcinoma,EFO_0006544
PIK3CG,ENSG00000105851,0.08895634927051953,bladder transitional cell carcinoma,EFO_0006544
PIK3CD,ENSG00000171608,0.08895634927051953,bladder transitional cell carcinoma,EFO_0006544
P4HB,ENSG00000185624,0.08709145276908162,bladder transitional cell carcinoma,EFO_0006544
DHFR,ENSG00000228716,0.08520868871897291,bladder transitional cell carcinoma,EFO_0006544
EMP1,ENSG00000134531,0.08462369066435524,bladder transitional cell carcinoma,EFO_0006544
CSPG4,ENSG00000173546,0.084341616217653,bladder transitional cell carcinoma,EFO_0006544
VCAN,ENSG00000038427,0.08391515922757645,bladder transitional cell carcinoma,EFO_0006544
ACAT1,ENSG00000075239,0.08287828241304437,bladder transitional cell carcinoma,EFO_0006544
PLOD1,ENSG00000083444,0.08281689109273845,bladder transitional cell carcinoma,EFO_0006544
SHMT2,ENSG00000182199,0.08272429080692575,bladder transitional cell carcinoma,EFO_0006544
SIRT4,ENSG00000089163,0.082210985453197,bladder transitional cell carcinoma,EFO_0006544
ANXA2,ENSG00000182718,0.08202886471369404,bladder transitional cell carcinoma,EFO_0006544
SIGLEC15,ENSG00000197046,0.08181894927952736,bladder transitional cell carcinoma,EFO_0006544
CBX1,ENSG00000108468,0.08171821231361741,bladder transitional cell carcinoma,EFO_0006544
METTL3,ENSG00000165819,0.08132323800955575,bladder transitional cell carcinoma,EFO_0006544
ANXA1,ENSG00000135046,0.08129297669034717,bladder transitional cell carcinoma,EFO_0006544
TWIST1,ENSG00000122691,0.08124039151936029,bladder transitional cell carcinoma,EFO_0006544
AURKA,ENSG00000087586,0.08121039421277926,bladder transitional cell carcinoma,EFO_0006544
LRP1,ENSG00000123384,0.08069561589720663,bladder transitional cell carcinoma,EFO_0006544
SFXN1,ENSG00000164466,0.08038361839392263,bladder transitional cell carcinoma,EFO_0006544
NUPR1,ENSG00000176046,0.08034522315346372,bladder transitional cell carcinoma,EFO_0006544
AIM2,ENSG00000163568,0.08026690194405513,bladder transitional cell carcinoma,EFO_0006544
IFNG,ENSG00000111537,0.08025288753427906,bladder transitional cell carcinoma,EFO_0006544
APOL6,ENSG00000221963,0.08016043322612136,bladder transitional cell carcinoma,EFO_0006544
TAGLN,ENSG00000149591,0.08000890548570065,bladder transitional cell carcinoma,EFO_0006544
PRR11,ENSG00000068489,0.07982308894765083,bladder transitional cell carcinoma,EFO_0006544
TFAP2A,ENSG00000137203,0.07979022483426886,bladder transitional cell carcinoma,EFO_0006544
RRM2,ENSG00000171848,0.07959210153847292,bladder transitional cell carcinoma,EFO_0006544
FAP,ENSG00000078098,0.07953772612337741,bladder transitional cell carcinoma,EFO_0006544
NECTIN1,ENSG00000110400,0.07950410843010046,bladder transitional cell carcinoma,EFO_0006544
PROS1,ENSG00000184500,0.07911431601772417,bladder transitional cell carcinoma,EFO_0006544
DLGAP5,ENSG00000126787,0.07909726260673504,bladder transitional cell carcinoma,EFO_0006544
CKAP4,ENSG00000136026,0.07894888296472569,bladder transitional cell carcinoma,EFO_0006544
HSD17B1,ENSG00000108786,0.07872050904784149,bladder transitional cell carcinoma,EFO_0006544
CXCL10,ENSG00000169245,0.07854771699753503,bladder transitional cell carcinoma,EFO_0006544
MT1L,ENSG00000260549,0.07853571912049913,bladder transitional cell carcinoma,EFO_0006544
NUSAP1,ENSG00000137804,0.07843819110329067,bladder transitional cell carcinoma,EFO_0006544
CDH2,ENSG00000170558,0.07841343325924253,bladder transitional cell carcinoma,EFO_0006544
TGFB3,ENSG00000119699,0.0783685523859787,bladder transitional cell carcinoma,EFO_0006544
HSP90B1,ENSG00000166598,0.07831253395269787,bladder transitional cell carcinoma,EFO_0006544
ST3GAL5,ENSG00000115525,0.07818934066780296,bladder transitional cell carcinoma,EFO_0006544
NOTCH3,ENSG00000074181,0.07810145022050126,bladder transitional cell carcinoma,EFO_0006544
EPHB2,ENSG00000133216,0.07785325084476324,bladder transitional cell carcinoma,EFO_0006544
TAFAZZIN,ENSG00000102125,0.07783762383942805,bladder transitional cell carcinoma,EFO_0006544
STC1,ENSG00000159167,0.07777602719698057,bladder transitional cell carcinoma,EFO_0006544
SNAI1,ENSG00000124216,0.07754129730896174,bladder transitional cell carcinoma,EFO_0006544
PLAUR,ENSG00000011422,0.07748055606463095,bladder transitional cell carcinoma,EFO_0006544
NAT10,ENSG00000135372,0.07745274573926562,bladder transitional cell carcinoma,EFO_0006544
TGFB2,ENSG00000092969,0.0774113237431563,bladder transitional cell carcinoma,EFO_0006544
CA9,ENSG00000107159,0.07735992930650468,bladder transitional cell carcinoma,EFO_0006544
PDGFD,ENSG00000170962,0.07727284990494103,bladder transitional cell carcinoma,EFO_0006544
ALDH18A1,ENSG00000059573,0.07718059298665524,bladder transitional cell carcinoma,EFO_0006544
NFATC1,ENSG00000131196,0.07717812912095734,bladder transitional cell carcinoma,EFO_0006544
PIEZO1,ENSG00000103335,0.07716417687618497,bladder transitional cell carcinoma,EFO_0006544
HSPB6,ENSG00000004776,0.07713952855835692,bladder transitional cell carcinoma,EFO_0006544
ATP6AP2,ENSG00000182220,0.07711139942497258,bladder transitional cell carcinoma,EFO_0006544
UPP1,ENSG00000183696,0.07710873023713322,bladder transitional cell carcinoma,EFO_0006544
EPHA2,ENSG00000142627,0.07705739970176033,bladder transitional cell carcinoma,EFO_0006544
FUT7,ENSG00000180549,0.07700051289782382,bladder transitional cell carcinoma,EFO_0006544
CD44,ENSG00000026508,0.07694660926725877,bladder transitional cell carcinoma,EFO_0006544
DOK7,ENSG00000175920,0.07691367420271628,bladder transitional cell carcinoma,EFO_0006544
ACSL4,ENSG00000068366,0.07670669691334948,bladder transitional cell carcinoma,EFO_0006544
ATF5,ENSG00000169136,0.07668781984707562,bladder transitional cell carcinoma,EFO_0006544
COL10A1,ENSG00000123500,0.07647736465204684,bladder transitional cell carcinoma,EFO_0006544
KRT6B,ENSG00000185479,0.0764055019025248,bladder transitional cell carcinoma,EFO_0006544
SIRT6,ENSG00000077463,0.0763094111403068,bladder transitional cell carcinoma,EFO_0006544
GARS1,ENSG00000106105,0.07626690945701803,bladder transitional cell carcinoma,EFO_0006544
CPA4,ENSG00000128510,0.07613345006504857,bladder transitional cell carcinoma,EFO_0006544
MAL2,ENSG00000147676,0.07613345006504857,bladder transitional cell carcinoma,EFO_0006544
BIN1,ENSG00000136717,0.07609238563675028,bladder transitional cell carcinoma,EFO_0006544
CCN2,ENSG00000118523,0.07602052288722821,bladder transitional cell carcinoma,EFO_0006544
IL37,ENSG00000125571,0.07601025678015366,bladder transitional cell carcinoma,EFO_0006544
CD8A,ENSG00000153563,0.07599332187441189,bladder transitional cell carcinoma,EFO_0006544
HOXC6,ENSG00000197757,0.07594866013770622,bladder transitional cell carcinoma,EFO_0006544
EFNB2,ENSG00000125266,0.07594352708416893,bladder transitional cell carcinoma,EFO_0006544
MED10,ENSG00000133398,0.07592812792355706,bladder transitional cell carcinoma,EFO_0006544
OTUB1,ENSG00000167770,0.07592812792355706,bladder transitional cell carcinoma,EFO_0006544
PRKN,ENSG00000185345,0.07583007403025153,bladder transitional cell carcinoma,EFO_0006544
EPHB4,ENSG00000196411,0.07576387021036388,bladder transitional cell carcinoma,EFO_0006544
KDELR2,ENSG00000136240,0.07576387021036386,bladder transitional cell carcinoma,EFO_0006544
PARD3,ENSG00000148498,0.07576387021036386,bladder transitional cell carcinoma,EFO_0006544
PGK1,ENSG00000102144,0.07576387021036386,bladder transitional cell carcinoma,EFO_0006544
SMOC1,ENSG00000198732,0.07570227356791641,bladder transitional cell carcinoma,EFO_0006544
HSPB1,ENSG00000106211,0.07549181837288764,bladder transitional cell carcinoma,EFO_0006544
NR1I2,ENSG00000144852,0.07548935450718973,bladder transitional cell carcinoma,EFO_0006544
PTDSS1,ENSG00000156471,0.07539429035567917,bladder transitional cell carcinoma,EFO_0006544
MTHFD2,ENSG00000065911,0.07535589511522026,bladder transitional cell carcinoma,EFO_0006544
RAC3,ENSG00000169750,0.07534208129309923,bladder transitional cell carcinoma,EFO_0006544
TEK,ENSG00000120156,0.075301895392008,bladder transitional cell carcinoma,EFO_0006544
C1GALT1,ENSG00000106392,0.07528670155353763,bladder transitional cell carcinoma,EFO_0006544
PMEPA1,ENSG00000124225,0.07528403236569824,bladder transitional cell carcinoma,EFO_0006544
PTTG1,ENSG00000164611,0.07525056485663512,bladder transitional cell carcinoma,EFO_0006544
DSG3,ENSG00000134757,0.07525056485663512,bladder transitional cell carcinoma,EFO_0006544
CENPW,ENSG00000203760,0.07525056485663512,bladder transitional cell carcinoma,EFO_0006544
CDKN3,ENSG00000100526,0.07525056485663512,bladder transitional cell carcinoma,EFO_0006544
HYAL3,ENSG00000186792,0.07520950042833682,bladder transitional cell carcinoma,EFO_0006544
MMP9,ENSG00000100985,0.07512211598308757,bladder transitional cell carcinoma,EFO_0006544
USP2,ENSG00000036672,0.07508630714344193,bladder transitional cell carcinoma,EFO_0006544
UHRF1,ENSG00000276043,0.07499391217977075,bladder transitional cell carcinoma,EFO_0006544
EIF4A3,ENSG00000141543,0.07483992057365212,bladder transitional cell carcinoma,EFO_0006544
ITGB1,ENSG00000150093,0.07483992057365212,bladder transitional cell carcinoma,EFO_0006544
GNG5,ENSG00000174021,0.07483992057365212,bladder transitional cell carcinoma,EFO_0006544
SLC7A5,ENSG00000103257,0.07483992057365212,bladder transitional cell carcinoma,EFO_0006544
ST8SIA1,ENSG00000111728,0.07463459843216061,bladder transitional cell carcinoma,EFO_0006544
KLK6,ENSG00000167755,0.07463459843216061,bladder transitional cell carcinoma,EFO_0006544
S100A5,ENSG00000196420,0.07444980850481825,bladder transitional cell carcinoma,EFO_0006544
FGL2,ENSG00000127951,0.07428555079162505,bladder transitional cell carcinoma,EFO_0006544
RAB14,ENSG00000119396,0.07428555079162505,bladder transitional cell carcinoma,EFO_0006544
SLC25A15,ENSG00000102743,0.07428555079162505,bladder transitional cell carcinoma,EFO_0006544
RBPMS,ENSG00000157110,0.07391597093694036,bladder transitional cell carcinoma,EFO_0006544
ERAS,ENSG00000187682,0.07391597093694036,bladder transitional cell carcinoma,EFO_0006544
ERAL1,ENSG00000132591,0.07391597093694036,bladder transitional cell carcinoma,EFO_0006544
F2RL2,ENSG00000164220,0.07391597093694036,bladder transitional cell carcinoma,EFO_0006544
RNF112,ENSG00000128482,0.07391597093694036,bladder transitional cell carcinoma,EFO_0006544
TRIM38,ENSG00000112343,0.07391597093694036,bladder transitional cell carcinoma,EFO_0006544
EPHA10,ENSG00000183317,0.07391597093694036,bladder transitional cell carcinoma,EFO_0006544
PDCD6,ENSG00000249915,0.07391597093694036,bladder transitional cell carcinoma,EFO_0006544
SUMF2,ENSG00000129103,0.07391597093694036,bladder transitional cell carcinoma,EFO_0006544
LINC00525,ENSG00000146666,0.07391597093694036,bladder transitional cell carcinoma,EFO_0006544
EPHA6,ENSG00000080224,0.07391597093694036,bladder transitional cell carcinoma,EFO_0006544
G3BP1,ENSG00000145907,0.07391597093694036,bladder transitional cell carcinoma,EFO_0006544
DLGAP1,ENSG00000170579,0.07391597093694036,bladder transitional cell carcinoma,EFO_0006544
GRK5,ENSG00000198873,0.07391597093694036,bladder transitional cell carcinoma,EFO_0006544
GXYLT2,ENSG00000172986,0.07391597093694036,bladder transitional cell carcinoma,EFO_0006544
IFITM3,ENSG00000142089,0.07391597093694036,bladder transitional cell carcinoma,EFO_0006544
RNH1,ENSG00000023191,0.07391597093694036,bladder transitional cell carcinoma,EFO_0006544
FAM174B,ENSG00000185442,0.07391597093694036,bladder transitional cell carcinoma,EFO_0006544
EIF5AL1,ENSG00000253626,0.07391597093694036,bladder transitional cell carcinoma,EFO_0006544
IL1RL2,ENSG00000115598,0.07391597093694036,bladder transitional cell carcinoma,EFO_0006544
EPHB1,ENSG00000154928,0.07391597093694036,bladder transitional cell carcinoma,EFO_0006544
GNG4,ENSG00000168243,0.07391597093694036,bladder transitional cell carcinoma,EFO_0006544
KLF16,ENSG00000129911,0.07391597093694036,bladder transitional cell carcinoma,EFO_0006544
PKIB,ENSG00000135549,0.07391597093694036,bladder transitional cell carcinoma,EFO_0006544
ACSS3,ENSG00000111058,0.07391597093694036,bladder transitional cell carcinoma,EFO_0006544
PAN2,ENSG00000135473,0.07391597093694036,bladder transitional cell carcinoma,EFO_0006544
EPHA4,ENSG00000116106,0.07391597093694036,bladder transitional cell carcinoma,EFO_0006544
OBSCN,ENSG00000154358,0.07391597093694036,bladder transitional cell carcinoma,EFO_0006544
EPHA8,ENSG00000070886,0.07391597093694036,bladder transitional cell carcinoma,EFO_0006544
EPHA1,ENSG00000146904,0.07391597093694036,bladder transitional cell carcinoma,EFO_0006544
EIF5A,ENSG00000132507,0.07391597093694036,bladder transitional cell carcinoma,EFO_0006544
EPHB3,ENSG00000182580,0.07391597093694036,bladder transitional cell carcinoma,EFO_0006544
RHOB,ENSG00000143878,0.07391597093694036,bladder transitional cell carcinoma,EFO_0006544
PTCD1,ENSG00000106246,0.07391597093694036,bladder transitional cell carcinoma,EFO_0006544
PIK3R5,ENSG00000141506,0.07391597093694036,bladder transitional cell carcinoma,EFO_0006544
EPHA5,ENSG00000145242,0.07391597093694036,bladder transitional cell carcinoma,EFO_0006544
OCLN,ENSG00000197822,0.07391597093694036,bladder transitional cell carcinoma,EFO_0006544
LRFN2,ENSG00000156564,0.07391597093694036,bladder transitional cell carcinoma,EFO_0006544
BCAT2,ENSG00000105552,0.07280723137288625,bladder transitional cell carcinoma,EFO_0006544
FAM111B,ENSG00000189057,0.07243765151820156,bladder transitional cell carcinoma,EFO_0006544
PAICS,ENSG00000128050,0.07040496231743569,bladder transitional cell carcinoma,EFO_0006544
SCD,ENSG00000099194,0.07036276500350071,bladder transitional cell carcinoma,EFO_0006544
HSPE1,ENSG00000115541,0.06874185297135454,bladder transitional cell carcinoma,EFO_0006544
OAS1,ENSG00000089127,0.06746656217379023,bladder transitional cell carcinoma,EFO_0006544
CALD1,ENSG00000122786,0.06618966732575678,bladder transitional cell carcinoma,EFO_0006544
TRPM2,ENSG00000142185,0.0658182584279137,bladder transitional cell carcinoma,EFO_0006544
IGFL1,ENSG00000188293,0.06578521413387693,bladder transitional cell carcinoma,EFO_0006544
SLC3A2,ENSG00000168003,0.06547743624378116,bladder transitional cell carcinoma,EFO_0006544
SNHG3,ENSG00000242125,0.06547723092163966,bladder transitional cell carcinoma,EFO_0006544
ENTPD1,ENSG00000138185,0.06519244911139097,bladder transitional cell carcinoma,EFO_0006544
NLRP2,ENSG00000022556,0.06483190343093188,bladder transitional cell carcinoma,EFO_0006544
PI16,ENSG00000164530,0.06443008800003301,bladder transitional cell carcinoma,EFO_0006544
CSE1L,ENSG00000124207,0.06384491989678223,bladder transitional cell carcinoma,EFO_0006544
MTHFD1L,ENSG00000120254,0.06354720279161956,bladder transitional cell carcinoma,EFO_0006544
FTO,ENSG00000140718,0.06348640473497301,bladder transitional cell carcinoma,EFO_0006544
ADAR,ENSG00000160710,0.06301336522374165,bladder transitional cell carcinoma,EFO_0006544
MFSD12,ENSG00000161091,0.0628285752963993,bladder transitional cell carcinoma,EFO_0006544
FLG,ENSG00000143631,0.062474394602326455,bladder transitional cell carcinoma,EFO_0006544
PFKFB3,ENSG00000170525,0.06207914947995532,bladder transitional cell carcinoma,EFO_0006544
CHI3L1,ENSG00000133048,0.06161861191658989,bladder transitional cell carcinoma,EFO_0006544
EPDR1,ENSG00000086289,0.0613502558776605,bladder transitional cell carcinoma,EFO_0006544
SPAG9,ENSG00000008294,0.061314529825040986,bladder transitional cell carcinoma,EFO_0006544
ETV7,ENSG00000010030,0.0606521605965894,bladder transitional cell carcinoma,EFO_0006544
GAPDHP1,ENSG00000228232,0.06061109616829109,bladder transitional cell carcinoma,EFO_0006544
AHCY,ENSG00000101444,0.0598719364589217,bladder transitional cell carcinoma,EFO_0006544
GLS,ENSG00000115419,0.059502356604237,bladder transitional cell carcinoma,EFO_0006544
SYNPO2,ENSG00000172403,0.059502356604237,bladder transitional cell carcinoma,EFO_0006544
CALU,ENSG00000128595,0.05617613791207468,bladder transitional cell carcinoma,EFO_0006544
NRP2,ENSG00000118257,0.05613158300737102,bladder transitional cell carcinoma,EFO_0006544
TFAP2C,ENSG00000087510,0.05437505208691122,bladder transitional cell carcinoma,EFO_0006544
FSCN1,ENSG00000075618,0.0541003310615956,bladder transitional cell carcinoma,EFO_0006544
SLC35F6,ENSG00000213699,0.053958658783966454,bladder transitional cell carcinoma,EFO_0006544
DARS2,ENSG00000117593,0.0537217495071056,bladder transitional cell carcinoma,EFO_0006544
SPEF1,ENSG00000101222,0.053219499074597054,bladder transitional cell carcinoma,EFO_0006544
THEM6,ENSG00000130193,0.05315545855248197,bladder transitional cell carcinoma,EFO_0006544
WDHD1,ENSG00000198554,0.052849919219912354,bladder transitional cell carcinoma,EFO_0006544
SPP1,ENSG00000118785,0.052457959704103045,bladder transitional cell carcinoma,EFO_0006544
SLC7A11,ENSG00000151012,0.05210797334495288,bladder transitional cell carcinoma,EFO_0006544
MEX3A,ENSG00000254726,0.05181304240538027,bladder transitional cell carcinoma,EFO_0006544
YTHDF1,ENSG00000149658,0.05176589583242126,bladder transitional cell carcinoma,EFO_0006544
DUSP2,ENSG00000158050,0.05174117965585824,bladder transitional cell carcinoma,EFO_0006544
KLRK1,ENSG00000213809,0.05153585751436675,bladder transitional cell carcinoma,EFO_0006544
MFAP3L,ENSG00000198948,0.051002019946488834,bladder transitional cell carcinoma,EFO_0006544
ISCA1,ENSG00000135070,0.0508172300191465,bladder transitional cell carcinoma,EFO_0006544
PROM2,ENSG00000155066,0.05063244009180415,bladder transitional cell carcinoma,EFO_0006544
ACSM6,ENSG00000173124,0.05026286023711945,bladder transitional cell carcinoma,EFO_0006544
CTSE,ENSG00000196188,0.05004727198855337,bladder transitional cell carcinoma,EFO_0006544
